Date/time,>0.30 µm,>0.40 µm,>0.50 µm,>0.65 µm,>0.80 µm,>1.0 µm,>1.6 µm,>2.0 µm,>3.0 µm,>4.0 µm,>5.0 µm,>7.5 µm,>10.0 µm,>15.0 µm,>20.0 µm
04/04/2019 16.45.00,2095,0,575,0,210,0,35,0,15,0,10,0,10,0,3,0,0,0,0,0,0,0,0,0,0,0,0,0,0,0
04/04/2019 16.46.00,2145,0,595,0,245,0,75,0,50,0,25,0,20,0,8,0,1,0,0,0,0,0,0,0,0,0,0,0,0,0
04/04/2019 16.47.00,2035,0,560,0,195,0,80,0,50,0,30,0,15,0,6,0,0,0,0,0,0,0,0,0,0,0,0,0,0,0
04/04/2019 16.48.00,2030,0,585,0,155,0,35,0,25,0,15,0,5,0,3,0,0,0,0,0,0,0,0,0,0,0,0,0,0,0
04/04/2019 16.49.00,2145,0,530,0,160,0,40,0,15,0,15,0,10,0,5,0,2,0,1,0,1,0,1,0,1,0,0,0,0,0
04/04/2019 16.50.00,2356,0,570,0,165,0,50,0,40,0,25,0,15,0,7,0,1,0,0,0,0,0,0,0,0,0,0,0,0,0
04/04/2019 16.51.00,2431,0,700,0,215,0,40,0,10,0,10,0,5,0,4,0,1,0,1,0,1,0,1,0,0,0,0,0,0,0
04/04/2019 16.52.00,2316,0,695,0,240,0,90,0,50,0,40,0,25,0,10,0,4,0,4,0,4,0,2,0,1,0,0,0,0,0
04/04/2019 16.53.00,2331,0,680,0,225,0,75,0,35,0,35,0,25,0,13,0,2,0,2,0,1,0,1,0,0,0,0,0,0,0
04/04/2019 16.54.00,2381,0,680,0,215,0,70,0,40,0,35,0,30,0,15,0,3,0,3,0,1,0,1,0,0,0,0,0,0,0
04/04/2019 16.55.00,2576,0,705,0,215,0,75,0,45,0,40,0,30,0,15,0,9,0,7,0,4,0,4,0,3,0,1,0,0,0
04/04/2019 16.56.00,3201,0,1035,0,460,0,180,0,125,0,115,0,80,0,49,0,35,0,26,0,21,0,16,0,10,0,3,0,1,0
04/04/2019 16.57.00,2506,0,775,0,290,0,125,0,85,0,75,0,55,0,24,0,7,0,7,0,6,0,6,0,1,0,0,0,0,0
04/04/2019 16.58.00,2561,0,825,0,320,0,205,0,150,0,130,0,80,0,59,0,45,0,37,0,24,0,15,0,9,0,2,0,2,0
04/04/2019 16.59.00,2606,0,815,0,285,0,100,0,75,0,65,0,45,0,31,0,18,0,14,0,9,0,7,0,3,0,1,0,0,0
04/04/2019 17.00.00,2526,0,805,0,310,0,130,0,105,0,105,0,85,0,47,0,28,0,20,0,13,0,8,0,8,0,4,0,0,0
04/04/2019 17.01.00,2496,0,725,0,285,0,125,0,85,0,70,0,60,0,29,0,10,0,6,0,6,0,5,0,5,0,2,0,1,0
04/04/2019 17.02.00,2621,0,710,0,290,0,115,0,80,0,70,0,45,0,21,0,10,0,10,0,8,0,6,0,4,0,0,0,0,0
04/04/2019 17.03.00,2536,0,760,0,285,0,95,0,75,0,65,0,60,0,40,0,29,0,24,0,19,0,10,0,4,0,0,0,0,0
04/04/2019 17.04.00,2621,0,680,0,285,0,115,0,70,0,60,0,45,0,26,0,13,0,11,0,8,0,7,0,4,0,1,0,0,0
04/04/2019 17.05.00,2766,0,760,0,270,0,80,0,35,0,15,0,5,0,3,0,0,0,0,0,0,0,0,0,0,0,0,0,0,0
04/04/2019 17.06.00,2736,0,750,0,215,0,80,0,70,0,50,0,35,0,23,0,12,0,10,0,9,0,3,0,1,0,1,0,1,0
04/04/2019 17.07.00,2861,0,790,0,340,0,165,0,95,0,70,0,60,0,31,0,13,0,9,0,7,0,5,0,3,0,0,0,0,0
04/04/2019 17.08.00,2856,0,770,0,275,0,120,0,95,0,90,0,60,0,43,0,19,0,9,0,6,0,4,0,2,0,0,0,0,0
04/04/2019 17.09.00,2916,0,820,0,265,0,85,0,70,0,55,0,40,0,27,0,9,0,5,0,3,0,3,0,2,0,0,0,0,0
04/04/2019 17.10.00,2986,0,785,0,215,0,95,0,60,0,50,0,40,0,21,0,8,0,6,0,2,0,1,0,1,0,0,0,0,0
04/04/2019 17.11.00,2851,0,785,0,270,0,100,0,70,0,55,0,30,0,19,0,8,0,6,0,6,0,5,0,2,0,0,0,0,0
04/04/2019 17.12.00,2826,0,695,0,300,0,80,0,50,0,30,0,15,0,8,0,5,0,3,0,1,0,1,0,0,0,0,0,0,0
04/04/2019 17.13.00,2871,0,875,0,295,0,100,0,70,0,60,0,45,0,30,0,7,0,6,0,5,0,2,0,0,0,0,0,0,0
04/04/2019 17.14.00,2771,0,790,0,310,0,105,0,30,0,30,0,25,0,17,0,12,0,10,0,9,0,6,0,4,0,0,0,0,0
04/04/2019 17.15.00,2881,0,790,0,300,0,130,0,90,0,80,0,45,0,29,0,10,0,7,0,6,0,4,0,4,0,0,0,0,0
04/04/2019 17.16.00,2911,0,850,0,265,0,110,0,85,0,75,0,65,0,35,0,12,0,7,0,5,0,3,0,3,0,0,0,0,0
04/04/2019 17.17.00,2856,0,680,0,215,0,45,0,30,0,15,0,10,0,5,0,3,0,2,0,1,0,1,0,1,0,0,0,0,0
04/04/2019 17.18.00,3236,0,990,0,380,0,160,0,115,0,100,0,90,0,36,0,11,0,7,0,6,0,6,0,3,0,2,0,1,0
04/04/2019 17.19.00,2671,0,715,0,280,0,100,0,75,0,60,0,45,0,31,0,16,0,13,0,9,0,6,0,4,0,1,0,0,0
04/04/2019 17.20.00,2876,0,890,0,325,0,130,0,75,0,70,0,45,0,21,0,10,0,10,0,6,0,3,0,3,0,0,0,0,0
04/04/2019 17.21.00,2786,0,705,0,300,0,80,0,50,0,40,0,20,0,15,0,8,0,6,0,5,0,4,0,2,0,0,0,0,0
04/04/2019 17.22.00,2991,0,865,0,340,0,165,0,115,0,105,0,70,0,36,0,14,0,8,0,7,0,7,0,3,0,1,0,0,0
04/04/2019 17.23.00,2716,0,755,0,320,0,145,0,115,0,100,0,70,0,39,0,15,0,15,0,11,0,7,0,3,0,1,0,1,0
04/04/2019 17.24.00,2806,0,690,0,290,0,130,0,80,0,55,0,25,0,19,0,12,0,6,0,4,0,3,0,2,0,0,0,0,0
04/04/2019 17.25.00,2776,0,810,0,290,0,130,0,90,0,65,0,60,0,30,0,15,0,12,0,8,0,5,0,5,0,0,0,0,0
04/04/2019 17.26.00,2996,0,820,0,250,0,105,0,65,0,55,0,35,0,24,0,11,0,9,0,6,0,2,0,1,0,0,0,0,0
04/04/2019 17.27.00,3201,0,935,0,395,0,160,0,100,0,90,0,60,0,26,0,7,0,7,0,6,0,5,0,3,0,1,0,0,0
04/04/2019 17.28.00,2726,0,790,0,270,0,145,0,90,0,85,0,60,0,38,0,21,0,14,0,10,0,7,0,3,0,0,0,0,0
04/04/2019 17.29.00,2886,0,790,0,255,0,65,0,40,0,35,0,20,0,7,0,4,0,1,0,1,0,0,0,0,0,0,0,0,0
04/04/2019 17.30.00,3166,0,820,0,270,0,125,0,80,0,70,0,60,0,45,0,26,0,18,0,13,0,11,0,7,0,3,0,1,0
04/04/2019 17.31.00,3381,0,895,0,350,0,140,0,90,0,80,0,60,0,47,0,35,0,28,0,24,0,18,0,15,0,2,0,0,0
04/04/2019 17.32.00,3201,0,835,0,300,0,120,0,85,0,70,0,55,0,34,0,18,0,14,0,10,0,8,0,6,0,2,0,1,0
04/04/2019 17.33.00,3161,0,920,0,340,0,175,0,120,0,105,0,75,0,56,0,26,0,20,0,15,0,15,0,8,0,2,0,2,0
04/04/2019 17.34.00,3276,0,1015,0,445,0,210,0,145,0,120,0,95,0,53,0,19,0,16,0,14,0,9,0,5,0,2,0,0,0
04/04/2019 17.35.00,2566,0,680,0,280,0,125,0,100,0,75,0,50,0,28,0,17,0,15,0,10,0,8,0,5,0,0,0,0,0
04/04/2019 17.36.00,2626,0,750,0,245,0,115,0,45,0,30,0,25,0,20,0,17,0,12,0,11,0,8,0,8,0,4,0,1,0
04/04/2019 17.37.00,2741,0,695,0,240,0,125,0,80,0,70,0,55,0,31,0,15,0,11,0,10,0,8,0,5,0,0,0,0,0
04/04/2019 17.38.00,2551,0,715,0,275,0,120,0,95,0,80,0,50,0,26,0,13,0,12,0,8,0,8,0,5,0,2,0,1,0
04/04/2019 17.39.00,2521,0,715,0,240,0,100,0,60,0,45,0,35,0,15,0,7,0,6,0,4,0,3,0,2,0,1,0,1,0
04/04/2019 17.40.00,2476,0,540,0,265,0,105,0,65,0,45,0,10,0,5,0,1,0,1,0,0,0,0,0,0,0,0,0,0,0
04/04/2019 17.41.00,2451,0,620,0,190,0,65,0,55,0,55,0,30,0,21,0,14,0,12,0,10,0,8,0,4,0,2,0,0,0
04/04/2019 17.42.00,2496,0,595,0,245,0,125,0,80,0,60,0,45,0,21,0,6,0,3,0,2,0,2,0,1,0,0,0,0,0
04/04/2019 17.43.00,2451,0,685,0,225,0,95,0,70,0,50,0,20,0,9,0,1,0,1,0,0,0,0,0,0,0,0,0,0,0
04/04/2019 17.44.00,2401,0,575,0,190,0,65,0,55,0,35,0,35,0,20,0,8,0,5,0,3,0,3,0,2,0,0,0,0,0
04/04/2019 17.45.00,2311,0,605,0,205,0,105,0,60,0,55,0,30,0,11,0,2,0,1,0,1,0,1,0,1,0,0,0,0,0
04/04/2019 17.46.00,2511,0,670,0,215,0,80,0,35,0,25,0,15,0,10,0,5,0,3,0,1,0,0,0,0,0,0,0,0,0
04/04/2019 17.47.00,2100,0,565,0,120,0,45,0,30,0,25,0,20,0,9,0,2,0,2,0,1,0,0,0,0,0,0,0,0,0
04/04/2019 17.48.00,2176,0,550,0,195,0,85,0,50,0,40,0,40,0,17,0,6,0,2,0,2,0,1,0,1,0,0,0,0,0
04/04/2019 17.49.00,1995,0,415,0,100,0,45,0,30,0,30,0,30,0,16,0,1,0,0,0,0,0,0,0,0,0,0,0,0,0
04/04/2019 17.50.00,2060,0,465,0,120,0,45,0,40,0,25,0,15,0,9,0,1,0,1,0,0,0,0,0,0,0,0,0,0,0
04/04/2019 17.51.00,2005,0,490,0,120,0,65,0,40,0,35,0,30,0,12,0,4,0,2,0,2,0,1,0,0,0,0,0,0,0
04/04/2019 17.52.00,2095,0,475,0,150,0,90,0,55,0,50,0,40,0,20,0,4,0,3,0,1,0,1,0,0,0,0,0,0,0
04/04/2019 17.53.00,1915,0,445,0,125,0,35,0,20,0,20,0,15,0,9,0,4,0,1,0,1,0,0,0,0,0,0,0,0,0
04/04/2019 17.54.00,2050,0,450,0,160,0,55,0,35,0,25,0,25,0,9,0,3,0,3,0,2,0,2,0,0,0,0,0,0,0
04/04/2019 17.55.00,2115,0,495,0,155,0,55,0,30,0,25,0,20,0,4,0,1,0,0,0,0,0,0,0,0,0,0,0,0,0
04/04/2019 17.56.00,1990,0,490,0,115,0,40,0,25,0,20,0,5,0,3,0,1,0,1,0,1,0,0,0,0,0,0,0,0,0
04/04/2019 17.57.00,1990,0,465,0,115,0,20,0,10,0,5,0,5,0,1,0,1,0,1,0,1,0,0,0,0,0,0,0,0,0
04/04/2019 17.58.00,1915,0,400,0,110,0,40,0,25,0,20,0,15,0,8,0,1,0,0,0,0,0,0,0,0,0,0,0,0,0
04/04/2019 17.59.00,1860,0,390,0,135,0,50,0,30,0,15,0,5,0,1,0,1,0,1,0,1,0,1,0,0,0,0,0,0,0
04/04/2019 18.00.00,1845,0,410,0,115,0,60,0,40,0,40,0,35,0,19,0,5,0,2,0,2,0,1,0,1,0,1,0,1,0
04/04/2019 18.01.00,1920,0,450,0,80,0,45,0,25,0,20,0,15,0,6,0,1,0,0,0,0,0,0,0,0,0,0,0,0,0
04/04/2019 18.02.00,1735,0,410,0,140,0,70,0,40,0,25,0,15,0,9,0,1,0,0,0,0,0,0,0,0,0,0,0,0,0
04/04/2019 18.03.00,1720,0,415,0,95,0,35,0,25,0,25,0,20,0,8,0,2,0,1,0,0,0,0,0,0,0,0,0,0,0
04/04/2019 18.04.00,1765,0,470,0,130,0,35,0,30,0,25,0,10,0,7,0,1,0,0,0,0,0,0,0,0,0,0,0,0,0
04/04/2019 18.05.00,1700,0,370,0,100,0,20,0,20,0,15,0,5,0,4,0,1,0,1,0,1,0,0,0,0,0,0,0,0,0
04/04/2019 18.06.00,1620,0,310,0,80,0,20,0,10,0,5,0,5,0,0,0,0,0,0,0,0,0,0,0,0,0,0,0,0,0
04/04/2019 18.07.00,1645,0,365,0,105,0,20,0,10,0,10,0,10,0,6,0,1,0,0,0,0,0,0,0,0,0,0,0,0,0
04/04/2019 18.08.00,1630,0,365,0,105,0,25,0,5,0,5,0,0,0,0,0,0,0,0,0,0,0,0,0,0,0,0,0,0,0
04/04/2019 18.09.00,1680,0,420,0,90,0,20,0,20,0,10,0,5,0,4,0,1,0,0,0,0,0,0,0,0,0,0,0,0,0
04/04/2019 18.10.00,1820,0,340,0,120,0,55,0,30,0,25,0,20,0,5,0,0,0,0,0,0,0,0,0,0,0,0,0,0,0
04/04/2019 18.11.00,1735,0,350,0,95,0,20,0,20,0,10,0,0,0,0,0,0,0,0,0,0,0,0,0,0,0,0,0,0,0
04/04/2019 18.12.00,1605,0,350,0,100,0,10,0,10,0,5,0,0,0,0,0,0,0,0,0,0,0,0,0,0,0,0,0,0,0
04/04/2019 18.13.00,1565,0,290,0,55,0,25,0,10,0,10,0,10,0,0,0,0,0,0,0,0,0,0,0,0,0,0,0,0,0
04/04/2019 18.14.00,1555,0,360,0,90,0,30,0,20,0,20,0,20,0,10,0,2,0,1,0,1,0,1,0,0,0,0,0,0,0
04/04/2019 18.15.00,1620,0,345,0,120,0,30,0,20,0,15,0,10,0,5,0,0,0,0,0,0,0,0,0,0,0,0,0,0,0
04/04/2019 18.16.00,1405,0,340,0,80,0,25,0,10,0,0,0,0,0,0,0,0,0,0,0,0,0,0,0,0,0,0,0,0,0
04/04/2019 18.17.00,1375,0,250,0,45,0,15,0,10,0,0,0,0,0,0,0,0,0,0,0,0,0,0,0,0,0,0,0,0,0
04/04/2019 18.18.00,1790,0,335,0,100,0,20,0,10,0,10,0,0,0,0,0,0,0,0,0,0,0,0,0,0,0,0,0,0,0
04/04/2019 18.19.00,1505,0,280,0,85,0,30,0,10,0,10,0,5,0,3,0,0,0,0,0,0,0,0,0,0,0,0,0,0,0
04/04/2019 18.20.00,1640,0,295,0,100,0,15,0,10,0,5,0,5,0,0,0,0,0,0,0,0,0,0,0,0,0,0,0,0,0
04/04/2019 18.21.00,1115,0,255,0,65,0,10,0,10,0,10,0,10,0,3,0,0,0,0,0,0,0,0,0,0,0,0,0,0,0
04/04/2019 18.22.00,1395,0,295,0,60,0,5,0,5,0,0,0,0,0,0,0,0,0,0,0,0,0,0,0,0,0,0,0,0,0
04/04/2019 18.23.00,1195,0,205,0,65,0,20,0,20,0,20,0,10,0,6,0,0,0,0,0,0,0,0,0,0,0,0,0,0,0
04/04/2019 18.24.00,1285,0,275,0,85,0,30,0,15,0,0,0,0,0,0,0,0,0,0,0,0,0,0,0,0,0,0,0,0,0
04/04/2019 18.25.00,1305,0,250,0,40,0,15,0,5,0,5,0,0,0,0,0,0,0,0,0,0,0,0,0,0,0,0,0,0,0
04/04/2019 18.26.00,1325,0,280,0,45,0,20,0,15,0,5,0,5,0,3,0,0,0,0,0,0,0,0,0,0,0,0,0,0,0
04/04/2019 18.27.00,1255,0,215,0,75,0,30,0,15,0,5,0,0,0,0,0,0,0,0,0,0,0,0,0,0,0,0,0,0,0
04/04/2019 18.28.00,1290,0,250,0,70,0,10,0,5,0,5,0,0,0,0,0,0,0,0,0,0,0,0,0,0,0,0,0,0,0
04/04/2019 18.29.00,1365,0,260,0,40,0,10,0,10,0,5,0,5,0,3,0,0,0,0,0,0,0,0,0,0,0,0,0,0,0
04/04/2019 18.30.00,1145,0,280,0,45,0,10,0,5,0,5,0,5,0,3,0,0,0,0,0,0,0,0,0,0,0,0,0,0,0
04/04/2019 18.31.00,1250,0,255,0,70,0,20,0,10,0,10,0,10,0,1,0,1,0,0,0,0,0,0,0,0,0,0,0,0,0
04/04/2019 18.32.00,1395,0,275,0,70,0,5,0,5,0,5,0,0,0,0,0,0,0,0,0,0,0,0,0,0,0,0,0,0,0
04/04/2019 18.33.00,1140,0,210,0,45,0,15,0,15,0,15,0,10,0,6,0,0,0,0,0,0,0,0,0,0,0,0,0,0,0
04/04/2019 18.34.00,1215,0,200,0,50,0,15,0,5,0,5,0,0,0,0,0,0,0,0,0,0,0,0,0,0,0,0,0,0,0
04/04/2019 18.35.00,1210,0,250,0,70,0,20,0,15,0,10,0,10,0,5,0,0,0,0,0,0,0,0,0,0,0,0,0,0,0
04/04/2019 18.36.00,1235,0,255,0,60,0,15,0,5,0,5,0,0,0,0,0,0,0,0,0,0,0,0,0,0,0,0,0,0,0
04/04/2019 18.37.00,1130,0,180,0,45,0,10,0,5,0,0,0,0,0,0,0,0,0,0,0,0,0,0,0,0,0,0,0,0,0
04/04/2019 18.38.00,1350,0,235,0,50,0,30,0,15,0,10,0,10,0,3,0,0,0,0,0,0,0,0,0,0,0,0,0,0,0
04/04/2019 18.39.00,1085,0,240,0,75,0,20,0,15,0,15,0,5,0,3,0,1,0,0,0,0,0,0,0,0,0,0,0,0,0
04/04/2019 18.40.00,935,0,145,0,70,0,20,0,15,0,10,0,5,0,3,0,0,0,0,0,0,0,0,0,0,0,0,0,0,0
04/04/2019 18.41.00,1170,0,230,0,60,0,5,0,5,0,5,0,0,0,0,0,0,0,0,0,0,0,0,0,0,0,0,0,0,0
04/04/2019 18.42.00,1095,0,250,0,85,0,30,0,15,0,5,0,0,0,0,0,0,0,0,0,0,0,0,0,0,0,0,0,0,0
04/04/2019 18.43.00,1235,0,250,0,65,0,30,0,25,0,20,0,10,0,3,0,0,0,0,0,0,0,0,0,0,0,0,0,0,0
04/04/2019 18.44.00,950,0,190,0,20,0,5,0,0,0,0,0,0,0,0,0,0,0,0,0,0,0,0,0,0,0,0,0,0,0
04/04/2019 18.45.00,1075,0,170,0,50,0,10,0,0,0,0,0,0,0,0,0,0,0,0,0,0,0,0,0,0,0,0,0,0,0
04/04/2019 18.46.00,1015,0,175,0,40,0,5,0,5,0,5,0,0,0,0,0,0,0,0,0,0,0,0,0,0,0,0,0,0,0
04/04/2019 18.47.00,930,0,140,0,35,0,5,0,5,0,5,0,0,0,0,0,0,0,0,0,0,0,0,0,0,0,0,0,0,0
04/04/2019 18.48.00,1030,0,195,0,50,0,20,0,15,0,15,0,10,0,3,0,0,0,0,0,0,0,0,0,0,0,0,0,0,0
04/04/2019 18.49.00,1105,0,185,0,40,0,10,0,10,0,5,0,5,0,0,0,0,0,0,0,0,0,0,0,0,0,0,0,0,0
04/04/2019 18.50.00,970,0,175,0,55,0,20,0,10,0,10,0,5,0,3,0,0,0,0,0,0,0,0,0,0,0,0,0,0,0
04/04/2019 18.51.00,915,0,160,0,40,0,5,0,0,0,0,0,0,0,0,0,0,0,0,0,0,0,0,0,0,0,0,0,0,0
04/04/2019 18.52.00,1070,0,165,0,40,0,15,0,0,0,0,0,0,0,0,0,0,0,0,0,0,0,0,0,0,0,0,0,0,0
04/04/2019 18.53.00,935,0,135,0,30,0,5,0,0,0,0,0,0,0,0,0,0,0,0,0,0,0,0,0,0,0,0,0,0,0
04/04/2019 18.54.00,990,0,170,0,35,0,0,0,0,0,0,0,0,0,0,0,0,0,0,0,0,0,0,0,0,0,0,0,0,0
04/04/2019 18.55.00,980,0,160,0,25,0,5,0,0,0,0,0,0,0,0,0,0,0,0,0,0,0,0,0,0,0,0,0,0,0
04/04/2019 18.56.00,930,0,190,0,60,0,15,0,5,0,5,0,5,0,3,0,0,0,0,0,0,0,0,0,0,0,0,0,0,0
04/04/2019 18.57.00,1120,0,145,0,40,0,10,0,5,0,5,0,0,0,0,0,0,0,0,0,0,0,0,0,0,0,0,0,0,0
04/04/2019 18.58.00,925,0,140,0,25,0,10,0,10,0,10,0,10,0,6,0,1,0,0,0,0,0,0,0,0,0,0,0,0,0
04/04/2019 18.59.00,995,0,195,0,65,0,15,0,5,0,5,0,0,0,0,0,0,0,0,0,0,0,0,0,0,0,0,0,0,0
04/04/2019 19.00.00,965,0,150,0,30,0,0,0,0,0,0,0,0,0,0,0,0,0,0,0,0,0,0,0,0,0,0,0,0,0
04/04/2019 19.01.00,960,0,175,0,45,0,25,0,15,0,15,0,5,0,0,0,0,0,0,0,0,0,0,0,0,0,0,0,0,0
04/04/2019 19.02.00,870,0,160,0,55,0,15,0,10,0,10,0,5,0,3,0,0,0,0,0,0,0,0,0,0,0,0,0,0,0
04/04/2019 19.03.00,855,0,155,0,45,0,25,0,15,0,10,0,5,0,3,0,0,0,0,0,0,0,0,0,0,0,0,0,0,0
04/04/2019 19.04.00,950,0,155,0,20,0,0,0,0,0,0,0,0,0,0,0,0,0,0,0,0,0,0,0,0,0,0,0,0,0
04/04/2019 19.05.00,880,0,155,0,35,0,5,0,0,0,0,0,0,0,0,0,0,0,0,0,0,0,0,0,0,0,0,0,0,0
04/04/2019 19.06.00,755,0,135,0,15,0,10,0,5,0,5,0,5,0,0,0,0,0,0,0,0,0,0,0,0,0,0,0,0,0
04/04/2019 19.07.00,745,0,150,0,40,0,5,0,0,0,0,0,0,0,0,0,0,0,0,0,0,0,0,0,0,0,0,0,0,0
04/04/2019 19.08.00,840,0,150,0,45,0,15,0,0,0,0,0,0,0,0,0,0,0,0,0,0,0,0,0,0,0,0,0,0,0
04/04/2019 19.09.00,920,0,130,0,30,0,0,0,0,0,0,0,0,0,0,0,0,0,0,0,0,0,0,0,0,0,0,0,0,0
04/04/2019 19.10.00,840,0,145,0,30,0,10,0,0,0,0,0,0,0,0,0,0,0,0,0,0,0,0,0,0,0,0,0,0,0
04/04/2019 19.11.00,930,0,175,0,50,0,15,0,10,0,10,0,10,0,3,0,0,0,0,0,0,0,0,0,0,0,0,0,0,0
04/04/2019 19.12.00,845,0,140,0,40,0,10,0,10,0,10,0,5,0,3,0,0,0,0,0,0,0,0,0,0,0,0,0,0,0
04/04/2019 19.13.00,760,0,130,0,20,0,15,0,15,0,5,0,0,0,0,0,0,0,0,0,0,0,0,0,0,0,0,0,0,0
04/04/2019 19.14.00,860,0,180,0,50,0,15,0,15,0,15,0,10,0,3,0,0,0,0,0,0,0,0,0,0,0,0,0,0,0
04/04/2019 19.15.00,870,0,135,0,25,0,0,0,0,0,0,0,0,0,0,0,0,0,0,0,0,0,0,0,0,0,0,0,0,0
04/04/2019 19.16.00,935,0,185,0,45,0,10,0,0,0,0,0,0,0,0,0,0,0,0,0,0,0,0,0,0,0,0,0,0,0
04/04/2019 19.17.00,930,0,145,0,10,0,0,0,0,0,0,0,0,0,0,0,0,0,0,0,0,0,0,0,0,0,0,0,0,0
04/04/2019 19.18.00,975,0,165,0,50,0,10,0,10,0,10,0,5,0,3,0,0,0,0,0,0,0,0,0,0,0,0,0,0,0
04/04/2019 19.19.00,815,0,125,0,40,0,20,0,5,0,0,0,0,0,0,0,0,0,0,0,0,0,0,0,0,0,0,0,0,0
04/04/2019 19.20.00,815,0,105,0,20,0,5,0,0,0,0,0,0,0,0,0,0,0,0,0,0,0,0,0,0,0,0,0,0,0
04/04/2019 19.21.00,835,0,130,0,30,0,5,0,0,0,0,0,0,0,0,0,0,0,0,0,0,0,0,0,0,0,0,0,0,0
04/04/2019 19.22.00,835,0,160,0,35,0,0,0,0,0,0,0,0,0,0,0,0,0,0,0,0,0,0,0,0,0,0,0,0,0
04/04/2019 19.23.00,865,0,145,0,25,0,5,0,0,0,0,0,0,0,0,0,0,0,0,0,0,0,0,0,0,0,0,0,0,0
04/04/2019 19.24.00,680,0,135,0,10,0,10,0,5,0,5,0,0,0,0,0,0,0,0,0,0,0,0,0,0,0,0,0,0,0
04/04/2019 19.25.00,790,0,150,0,25,0,0,0,0,0,0,0,0,0,0,0,0,0,0,0,0,0,0,0,0,0,0,0,0,0
04/04/2019 19.26.00,790,0,135,0,40,0,5,0,5,0,5,0,5,0,3,0,0,0,0,0,0,0,0,0,0,0,0,0,0,0
04/04/2019 19.27.00,890,0,140,0,30,0,15,0,5,0,5,0,0,0,0,0,0,0,0,0,0,0,0,0,0,0,0,0,0,0
04/04/2019 19.28.00,670,0,110,0,40,0,10,0,5,0,0,0,0,0,0,0,0,0,0,0,0,0,0,0,0,0,0,0,0,0
04/04/2019 19.29.00,700,0,115,0,30,0,10,0,0,0,0,0,0,0,0,0,0,0,0,0,0,0,0,0,0,0,0,0,0,0
04/04/2019 19.30.00,770,0,125,0,25,0,5,0,5,0,0,0,0,0,0,0,0,0,0,0,0,0,0,0,0,0,0,0,0,0
04/04/2019 19.31.00,615,0,140,0,30,0,5,0,0,0,0,0,0,0,0,0,0,0,0,0,0,0,0,0,0,0,0,0,0,0
04/04/2019 19.32.00,730,0,155,0,40,0,10,0,0,0,0,0,0,0,0,0,0,0,0,0,0,0,0,0,0,0,0,0,0,0
04/04/2019 19.33.00,735,0,130,0,10,0,5,0,0,0,0,0,0,0,0,0,0,0,0,0,0,0,0,0,0,0,0,0,0,0
04/04/2019 19.34.00,715,0,140,0,15,0,0,0,0,0,0,0,0,0,0,0,0,0,0,0,0,0,0,0,0,0,0,0,0,0
04/04/2019 19.35.00,670,0,110,0,20,0,0,0,0,0,0,0,0,0,0,0,0,0,0,0,0,0,0,0,0,0,0,0,0,0
04/04/2019 19.36.00,665,0,75,0,10,0,0,0,0,0,0,0,0,0,0,0,0,0,0,0,0,0,0,0,0,0,0,0,0,0
04/04/2019 19.37.00,740,0,155,0,30,0,5,0,0,0,0,0,0,0,0,0,0,0,0,0,0,0,0,0,0,0,0,0,0,0
04/04/2019 19.38.00,720,0,130,0,20,0,5,0,0,0,0,0,0,0,0,0,0,0,0,0,0,0,0,0,0,0,0,0,0,0
04/04/2019 19.39.00,760,0,165,0,50,0,15,0,10,0,10,0,10,0,3,0,0,0,0,0,0,0,0,0,0,0,0,0,0,0
04/04/2019 19.40.00,735,0,125,0,25,0,10,0,0,0,0,0,0,0,0,0,0,0,0,0,0,0,0,0,0,0,0,0,0,0
04/04/2019 19.41.00,790,0,115,0,30,0,5,0,5,0,5,0,0,0,0,0,0,0,0,0,0,0,0,0,0,0,0,0,0,0
04/04/2019 19.42.00,830,0,115,0,10,0,0,0,0,0,0,0,0,0,0,0,0,0,0,0,0,0,0,0,0,0,0,0,0,0
04/04/2019 19.43.00,660,0,125,0,45,0,15,0,10,0,10,0,5,0,3,0,0,0,0,0,0,0,0,0,0,0,0,0,0,0
04/04/2019 19.44.00,740,0,145,0,25,0,10,0,10,0,5,0,5,0,3,0,0,0,0,0,0,0,0,0,0,0,0,0,0,0
04/04/2019 19.45.00,610,0,115,0,15,0,0,0,0,0,0,0,0,0,0,0,0,0,0,0,0,0,0,0,0,0,0,0,0,0
04/04/2019 19.46.00,685,0,100,0,25,0,5,0,0,0,0,0,0,0,0,0,0,0,0,0,0,0,0,0,0,0,0,0,0,0
04/04/2019 19.47.00,640,0,110,0,35,0,0,0,0,0,0,0,0,0,0,0,0,0,0,0,0,0,0,0,0,0,0,0,0,0
04/04/2019 19.48.00,715,0,100,0,20,0,0,0,0,0,0,0,0,0,0,0,0,0,0,0,0,0,0,0,0,0,0,0,0,0
04/04/2019 19.49.00,680,0,130,0,45,0,0,0,0,0,0,0,0,0,0,0,0,0,0,0,0,0,0,0,0,0,0,0,0,0
04/04/2019 19.50.00,660,0,105,0,25,0,5,0,0,0,0,0,0,0,0,0,0,0,0,0,0,0,0,0,0,0,0,0,0,0
04/04/2019 19.51.00,720,0,90,0,15,0,0,0,0,0,0,0,0,0,0,0,0,0,0,0,0,0,0,0,0,0,0,0,0,0
04/04/2019 19.52.00,695,0,140,0,30,0,10,0,5,0,0,0,0,0,0,0,0,0,0,0,0,0,0,0,0,0,0,0,0,0
04/04/2019 19.53.00,645,0,75,0,25,0,5,0,0,0,0,0,0,0,0,0,0,0,0,0,0,0,0,0,0,0,0,0,0,0
04/04/2019 19.54.00,525,0,90,0,10,0,0,0,0,0,0,0,0,0,0,0,0,0,0,0,0,0,0,0,0,0,0,0,0,0
04/04/2019 19.55.00,690,0,105,0,30,0,5,0,0,0,0,0,0,0,0,0,0,0,0,0,0,0,0,0,0,0,0,0,0,0
04/04/2019 19.56.00,615,0,70,0,15,0,10,0,10,0,5,0,0,0,0,0,0,0,0,0,0,0,0,0,0,0,0,0,0,0
04/04/2019 19.57.00,595,0,105,0,20,0,0,0,0,0,0,0,0,0,0,0,0,0,0,0,0,0,0,0,0,0,0,0,0,0
04/04/2019 19.58.00,690,0,130,0,25,0,0,0,0,0,0,0,0,0,0,0,0,0,0,0,0,0,0,0,0,0,0,0,0,0
04/04/2019 19.59.00,580,0,110,0,15,0,5,0,5,0,0,0,0,0,0,0,0,0,0,0,0,0,0,0,0,0,0,0,0,0
04/04/2019 20.00.00,615,0,90,0,20,0,10,0,5,0,5,0,5,0,0,0,0,0,0,0,0,0,0,0,0,0,0,0,0,0
04/04/2019 20.01.00,550,0,75,0,20,0,5,0,0,0,0,0,0,0,0,0,0,0,0,0,0,0,0,0,0,0,0,0,0,0
04/04/2019 20.02.00,605,0,140,0,30,0,5,0,0,0,0,0,0,0,0,0,0,0,0,0,0,0,0,0,0,0,0,0,0,0
04/04/2019 20.03.00,635,0,75,0,15,0,0,0,0,0,0,0,0,0,0,0,0,0,0,0,0,0,0,0,0,0,0,0,0,0
04/04/2019 20.04.00,515,0,70,0,20,0,0,0,0,0,0,0,0,0,0,0,0,0,0,0,0,0,0,0,0,0,0,0,0,0
04/04/2019 20.05.00,585,0,105,0,40,0,5,0,5,0,0,0,0,0,0,0,0,0,0,0,0,0,0,0,0,0,0,0,0,0
04/04/2019 20.06.00,550,0,70,0,15,0,0,0,0,0,0,0,0,0,0,0,0,0,0,0,0,0,0,0,0,0,0,0,0,0
04/04/2019 20.07.00,630,0,110,0,20,0,5,0,0,0,0,0,0,0,0,0,0,0,0,0,0,0,0,0,0,0,0,0,0,0
04/04/2019 20.08.00,510,0,75,0,10,0,5,0,0,0,0,0,0,0,0,0,0,0,0,0,0,0,0,0,0,0,0,0,0,0
04/04/2019 20.09.00,605,0,80,0,10,0,0,0,0,0,0,0,0,0,0,0,0,0,0,0,0,0,0,0,0,0,0,0,0,0
04/04/2019 20.10.00,635,0,100,0,30,0,5,0,5,0,5,0,0,0,0,0,0,0,0,0,0,0,0,0,0,0,0,0,0,0
04/04/2019 20.11.00,530,0,110,0,20,0,0,0,0,0,0,0,0,0,0,0,0,0,0,0,0,0,0,0,0,0,0,0,0,0
04/04/2019 20.12.00,470,0,85,0,20,0,0,0,0,0,0,0,0,0,0,0,0,0,0,0,0,0,0,0,0,0,0,0,0,0
04/04/2019 20.13.00,635,0,120,0,25,0,5,0,5,0,5,0,0,0,0,0,0,0,0,0,0,0,0,0,0,0,0,0,0,0
04/04/2019 20.14.00,520,0,60,0,5,0,0,0,0,0,0,0,0,0,0,0,0,0,0,0,0,0,0,0,0,0,0,0,0,0
04/04/2019 20.15.00,660,0,105,0,20,0,0,0,0,0,0,0,0,0,0,0,0,0,0,0,0,0,0,0,0,0,0,0,0,0
04/04/2019 20.16.00,540,0,95,0,0,0,0,0,0,0,0,0,0,0,0,0,0,0,0,0,0,0,0,0,0,0,0,0,0,0
04/04/2019 20.17.00,555,0,115,0,35,0,0,0,0,0,0,0,0,0,0,0,0,0,0,0,0,0,0,0,0,0,0,0,0,0
04/04/2019 20.18.00,555,0,105,0,30,0,5,0,0,0,0,0,0,0,0,0,0,0,0,0,0,0,0,0,0,0,0,0,0,0
04/04/2019 20.19.00,630,0,80,0,20,0,0,0,0,0,0,0,0,0,0,0,0,0,0,0,0,0,0,0,0,0,0,0,0,0
04/04/2019 20.20.00,590,0,75,0,5,0,0,0,0,0,0,0,0,0,0,0,0,0,0,0,0,0,0,0,0,0,0,0,0,0
04/04/2019 20.21.00,535,0,110,0,30,0,10,0,0,0,0,0,0,0,0,0,0,0,0,0,0,0,0,0,0,0,0,0,0,0
04/04/2019 20.22.00,495,0,55,0,20,0,5,0,0,0,0,0,0,0,0,0,0,0,0,0,0,0,0,0,0,0,0,0,0,0
04/04/2019 20.23.00,635,0,100,0,25,0,5,0,5,0,5,0,0,0,0,0,0,0,0,0,0,0,0,0,0,0,0,0,0,0
04/04/2019 20.24.00,595,0,55,0,25,0,0,0,0,0,0,0,0,0,0,0,0,0,0,0,0,0,0,0,0,0,0,0,0,0
04/04/2019 20.25.00,475,0,80,0,5,0,0,0,0,0,0,0,0,0,0,0,0,0,0,0,0,0,0,0,0,0,0,0,0,0
04/04/2019 20.26.00,525,0,85,0,10,0,0,0,0,0,0,0,0,0,0,0,0,0,0,0,0,0,0,0,0,0,0,0,0,0
04/04/2019 20.27.00,545,0,105,0,30,0,5,0,5,0,5,0,0,0,0,0,0,0,0,0,0,0,0,0,0,0,0,0,0,0
04/04/2019 20.28.00,485,0,75,0,10,0,0,0,0,0,0,0,0,0,0,0,0,0,0,0,0,0,0,0,0,0,0,0,0,0
04/04/2019 20.29.00,550,0,100,0,25,0,10,0,5,0,5,0,0,0,0,0,0,0,0,0,0,0,0,0,0,0,0,0,0,0
04/04/2019 20.30.00,570,0,100,0,25,0,10,0,10,0,10,0,10,0,3,0,0,0,0,0,0,0,0,0,0,0,0,0,0,0
04/04/2019 20.31.00,555,0,90,0,25,0,10,0,0,0,0,0,0,0,0,0,0,0,0,0,0,0,0,0,0,0,0,0,0,0
04/04/2019 20.32.00,700,0,95,0,10,0,10,0,5,0,0,0,0,0,0,0,0,0,0,0,0,0,0,0,0,0,0,0,0,0
04/04/2019 20.33.00,600,0,85,0,5,0,5,0,5,0,0,0,0,0,0,0,0,0,0,0,0,0,0,0,0,0,0,0,0,0
04/04/2019 20.34.00,660,0,105,0,20,0,0,0,0,0,0,0,0,0,0,0,0,0,0,0,0,0,0,0,0,0,0,0,0,0
04/04/2019 20.35.00,515,0,75,0,10,0,5,0,0,0,0,0,0,0,0,0,0,0,0,0,0,0,0,0,0,0,0,0,0,0
04/04/2019 20.36.00,440,0,75,0,15,0,0,0,0,0,0,0,0,0,0,0,0,0,0,0,0,0,0,0,0,0,0,0,0,0
04/04/2019 20.37.00,500,0,85,0,30,0,5,0,5,0,5,0,5,0,3,0,0,0,0,0,0,0,0,0,0,0,0,0,0,0
04/04/2019 20.38.00,500,0,80,0,25,0,5,0,0,0,0,0,0,0,0,0,0,0,0,0,0,0,0,0,0,0,0,0,0,0
04/04/2019 20.39.00,425,0,50,0,15,0,0,0,0,0,0,0,0,0,0,0,0,0,0,0,0,0,0,0,0,0,0,0,0,0
04/04/2019 20.40.00,495,0,100,0,30,0,5,0,5,0,5,0,5,0,3,0,0,0,0,0,0,0,0,0,0,0,0,0,0,0
04/04/2019 20.41.00,480,0,105,0,10,0,0,0,0,0,0,0,0,0,0,0,0,0,0,0,0,0,0,0,0,0,0,0,0,0
04/04/2019 20.42.00,370,0,75,0,15,0,10,0,5,0,5,0,5,0,3,0,0,0,0,0,0,0,0,0,0,0,0,0,0,0
04/04/2019 20.43.00,500,0,85,0,20,0,20,0,10,0,5,0,0,0,0,0,0,0,0,0,0,0,0,0,0,0,0,0,0,0
04/04/2019 20.44.00,505,0,70,0,15,0,5,0,0,0,0,0,0,0,0,0,0,0,0,0,0,0,0,0,0,0,0,0,0,0
04/04/2019 20.45.00,390,0,80,0,10,0,0,0,0,0,0,0,0,0,0,0,0,0,0,0,0,0,0,0,0,0,0,0,0,0
04/04/2019 20.46.00,500,0,55,0,0,0,0,0,0,0,0,0,0,0,0,0,0,0,0,0,0,0,0,0,0,0,0,0,0,0
04/04/2019 20.47.00,430,0,60,0,30,0,0,0,0,0,0,0,0,0,0,0,0,0,0,0,0,0,0,0,0,0,0,0,0,0
04/04/2019 20.48.00,525,0,75,0,10,0,5,0,0,0,0,0,0,0,0,0,0,0,0,0,0,0,0,0,0,0,0,0,0,0
04/04/2019 20.49.00,430,0,90,0,20,0,0,0,0,0,0,0,0,0,0,0,0,0,0,0,0,0,0,0,0,0,0,0,0,0
04/04/2019 20.50.00,450,0,85,0,15,0,0,0,0,0,0,0,0,0,0,0,0,0,0,0,0,0,0,0,0,0,0,0,0,0
04/04/2019 20.51.00,445,0,60,0,5,0,0,0,0,0,0,0,0,0,0,0,0,0,0,0,0,0,0,0,0,0,0,0,0,0
04/04/2019 20.52.00,490,0,100,0,10,0,0,0,0,0,0,0,0,0,0,0,0,0,0,0,0,0,0,0,0,0,0,0,0,0
04/04/2019 20.53.00,465,0,90,0,15,0,0,0,0,0,0,0,0,0,0,0,0,0,0,0,0,0,0,0,0,0,0,0,0,0
04/04/2019 20.54.00,455,0,120,0,35,0,10,0,0,0,0,0,0,0,0,0,0,0,0,0,0,0,0,0,0,0,0,0,0,0
04/04/2019 20.55.00,510,0,95,0,20,0,5,0,5,0,5,0,0,0,0,0,0,0,0,0,0,0,0,0,0,0,0,0,0,0
04/04/2019 20.56.00,450,0,85,0,15,0,0,0,0,0,0,0,0,0,0,0,0,0,0,0,0,0,0,0,0,0,0,0,0,0
04/04/2019 20.57.00,385,0,55,0,20,0,5,0,5,0,0,0,0,0,0,0,0,0,0,0,0,0,0,0,0,0,0,0,0,0
04/04/2019 20.58.00,480,0,50,0,10,0,5,0,0,0,0,0,0,0,0,0,0,0,0,0,0,0,0,0,0,0,0,0,0,0
04/04/2019 20.59.00,465,0,55,0,10,0,10,0,5,0,5,0,5,0,3,0,0,0,0,0,0,0,0,0,0,0,0,0,0,0
04/04/2019 21.00.00,435,0,80,0,15,0,0,0,0,0,0,0,0,0,0,0,0,0,0,0,0,0,0,0,0,0,0,0,0,0
04/04/2019 21.01.00,320,0,55,0,10,0,0,0,0,0,0,0,0,0,0,0,0,0,0,0,0,0,0,0,0,0,0,0,0,0
04/04/2019 21.02.00,405,0,70,0,20,0,5,0,0,0,0,0,0,0,0,0,0,0,0,0,0,0,0,0,0,0,0,0,0,0
04/04/2019 21.03.00,385,0,70,0,20,0,5,0,0,0,0,0,0,0,0,0,0,0,0,0,0,0,0,0,0,0,0,0,0,0
04/04/2019 21.04.00,465,0,105,0,40,0,5,0,0,0,0,0,0,0,0,0,0,0,0,0,0,0,0,0,0,0,0,0,0,0
04/04/2019 21.05.00,385,0,50,0,0,0,0,0,0,0,0,0,0,0,0,0,0,0,0,0,0,0,0,0,0,0,0,0,0,0
04/04/2019 21.06.00,495,0,40,0,5,0,0,0,0,0,0,0,0,0,0,0,0,0,0,0,0,0,0,0,0,0,0,0,0,0
04/04/2019 21.07.00,440,0,75,0,15,0,0,0,0,0,0,0,0,0,0,0,0,0,0,0,0,0,0,0,0,0,0,0,0,0
04/04/2019 21.08.00,380,0,75,0,20,0,15,0,15,0,5,0,5,0,3,0,0,0,0,0,0,0,0,0,0,0,0,0,0,0
04/04/2019 21.09.00,475,0,90,0,20,0,5,0,5,0,5,0,0,0,0,0,0,0,0,0,0,0,0,0,0,0,0,0,0,0
04/04/2019 21.10.00,360,0,25,0,0,0,0,0,0,0,0,0,0,0,0,0,0,0,0,0,0,0,0,0,0,0,0,0,0,0
04/04/2019 21.11.00,480,0,90,0,25,0,0,0,0,0,0,0,0,0,0,0,0,0,0,0,0,0,0,0,0,0,0,0,0,0
04/04/2019 21.12.00,450,0,95,0,25,0,0,0,0,0,0,0,0,0,0,0,0,0,0,0,0,0,0,0,0,0,0,0,0,0
04/04/2019 21.13.00,465,0,70,0,5,0,0,0,0,0,0,0,0,0,0,0,0,0,0,0,0,0,0,0,0,0,0,0,0,0
04/04/2019 21.14.00,480,0,100,0,0,0,0,0,0,0,0,0,0,0,0,0,0,0,0,0,0,0,0,0,0,0,0,0,0,0
04/04/2019 21.15.00,400,0,55,0,15,0,0,0,0,0,0,0,0,0,0,0,0,0,0,0,0,0,0,0,0,0,0,0,0,0
04/04/2019 21.16.00,435,0,95,0,15,0,5,0,0,0,0,0,0,0,0,0,0,0,0,0,0,0,0,0,0,0,0,0,0,0
04/04/2019 21.17.00,425,0,40,0,10,0,0,0,0,0,0,0,0,0,0,0,0,0,0,0,0,0,0,0,0,0,0,0,0,0
04/04/2019 21.18.00,370,0,55,0,10,0,0,0,0,0,0,0,0,0,0,0,0,0,0,0,0,0,0,0,0,0,0,0,0,0
04/04/2019 21.19.00,315,0,40,0,10,0,0,0,0,0,0,0,0,0,0,0,0,0,0,0,0,0,0,0,0,0,0,0,0,0
04/04/2019 21.20.00,415,0,75,0,20,0,0,0,0,0,0,0,0,0,0,0,0,0,0,0,0,0,0,0,0,0,0,0,0,0
04/04/2019 21.21.00,295,0,40,0,10,0,5,0,0,0,0,0,0,0,0,0,0,0,0,0,0,0,0,0,0,0,0,0,0,0
04/04/2019 21.22.00,380,0,45,0,25,0,0,0,0,0,0,0,0,0,0,0,0,0,0,0,0,0,0,0,0,0,0,0,0,0
04/04/2019 21.23.00,345,0,50,0,10,0,0,0,0,0,0,0,0,0,0,0,0,0,0,0,0,0,0,0,0,0,0,0,0,0
04/04/2019 21.24.00,355,0,60,0,10,0,0,0,0,0,0,0,0,0,0,0,0,0,0,0,0,0,0,0,0,0,0,0,0,0
04/04/2019 21.25.00,445,0,80,0,20,0,0,0,0,0,0,0,0,0,0,0,0,0,0,0,0,0,0,0,0,0,0,0,0,0
04/04/2019 21.26.00,415,0,50,0,25,0,5,0,0,0,0,0,0,0,0,0,0,0,0,0,0,0,0,0,0,0,0,0,0,0
04/04/2019 21.27.00,450,0,70,0,10,0,5,0,0,0,0,0,0,0,0,0,0,0,0,0,0,0,0,0,0,0,0,0,0,0
04/04/2019 21.28.00,425,0,85,0,35,0,5,0,0,0,0,0,0,0,0,0,0,0,0,0,0,0,0,0,0,0,0,0,0,0
04/04/2019 21.29.00,380,0,60,0,10,0,5,0,5,0,0,0,0,0,0,0,0,0,0,0,0,0,0,0,0,0,0,0,0,0
04/04/2019 21.30.00,425,0,90,0,30,0,10,0,0,0,0,0,0,0,0,0,0,0,0,0,0,0,0,0,0,0,0,0,0,0
04/04/2019 21.31.00,360,0,40,0,5,0,0,0,0,0,0,0,0,0,0,0,0,0,0,0,0,0,0,0,0,0,0,0,0,0
04/04/2019 21.32.00,360,0,55,0,5,0,5,0,5,0,5,0,5,0,3,0,0,0,0,0,0,0,0,0,0,0,0,0,0,0
04/04/2019 21.33.00,360,0,75,0,35,0,5,0,0,0,0,0,0,0,0,0,0,0,0,0,0,0,0,0,0,0,0,0,0,0
04/04/2019 21.34.00,425,0,75,0,25,0,5,0,5,0,0,0,0,0,0,0,0,0,0,0,0,0,0,0,0,0,0,0,0,0
04/04/2019 21.35.00,415,0,75,0,5,0,0,0,0,0,0,0,0,0,0,0,0,0,0,0,0,0,0,0,0,0,0,0,0,0
04/04/2019 21.36.00,435,0,100,0,15,0,5,0,5,0,5,0,5,0,0,0,0,0,0,0,0,0,0,0,0,0,0,0,0,0
04/04/2019 21.37.00,430,0,60,0,20,0,5,0,0,0,0,0,0,0,0,0,0,0,0,0,0,0,0,0,0,0,0,0,0,0
04/04/2019 21.38.00,365,0,50,0,10,0,0,0,0,0,0,0,0,0,0,0,0,0,0,0,0,0,0,0,0,0,0,0,0,0
04/04/2019 21.39.00,425,0,85,0,30,0,0,0,0,0,0,0,0,0,0,0,0,0,0,0,0,0,0,0,0,0,0,0,0,0
04/04/2019 21.40.00,310,0,70,0,10,0,0,0,0,0,0,0,0,0,0,0,0,0,0,0,0,0,0,0,0,0,0,0,0,0
04/04/2019 21.41.00,305,0,50,0,15,0,0,0,0,0,0,0,0,0,0,0,0,0,0,0,0,0,0,0,0,0,0,0,0,0
04/04/2019 21.42.00,425,0,85,0,20,0,5,0,5,0,0,0,0,0,0,0,0,0,0,0,0,0,0,0,0,0,0,0,0,0
04/04/2019 21.43.00,365,0,55,0,20,0,5,0,0,0,0,0,0,0,0,0,0,0,0,0,0,0,0,0,0,0,0,0,0,0
04/04/2019 21.44.00,325,0,40,0,10,0,5,0,5,0,0,0,0,0,0,0,0,0,0,0,0,0,0,0,0,0,0,0,0,0
04/04/2019 21.45.00,320,0,55,0,10,0,5,0,0,0,0,0,0,0,0,0,0,0,0,0,0,0,0,0,0,0,0,0,0,0
04/04/2019 21.46.00,410,0,90,0,20,0,0,0,0,0,0,0,0,0,0,0,0,0,0,0,0,0,0,0,0,0,0,0,0,0
04/04/2019 21.47.00,390,0,60,0,10,0,0,0,0,0,0,0,0,0,0,0,0,0,0,0,0,0,0,0,0,0,0,0,0,0
04/04/2019 21.48.00,445,0,60,0,10,0,5,0,5,0,5,0,5,0,3,0,0,0,0,0,0,0,0,0,0,0,0,0,0,0
04/04/2019 21.49.00,410,0,65,0,30,0,5,0,0,0,0,0,0,0,0,0,0,0,0,0,0,0,0,0,0,0,0,0,0,0
04/04/2019 21.50.00,385,0,60,0,5,0,0,0,0,0,0,0,0,0,0,0,0,0,0,0,0,0,0,0,0,0,0,0,0,0
04/04/2019 21.51.00,405,0,85,0,10,0,0,0,0,0,0,0,0,0,0,0,0,0,0,0,0,0,0,0,0,0,0,0,0,0
04/04/2019 21.52.00,390,0,50,0,15,0,0,0,0,0,0,0,0,0,0,0,0,0,0,0,0,0,0,0,0,0,0,0,0,0
04/04/2019 21.53.00,370,0,65,0,10,0,5,0,0,0,0,0,0,0,0,0,0,0,0,0,0,0,0,0,0,0,0,0,0,0
04/04/2019 21.54.00,330,0,70,0,30,0,5,0,5,0,5,0,0,0,0,0,0,0,0,0,0,0,0,0,0,0,0,0,0,0
04/04/2019 21.55.00,390,0,30,0,5,0,0,0,0,0,0,0,0,0,0,0,0,0,0,0,0,0,0,0,0,0,0,0,0,0
04/04/2019 21.56.00,340,0,40,0,15,0,5,0,0,0,0,0,0,0,0,0,0,0,0,0,0,0,0,0,0,0,0,0,0,0
04/04/2019 21.57.00,395,0,50,0,5,0,0,0,0,0,0,0,0,0,0,0,0,0,0,0,0,0,0,0,0,0,0,0,0,0
04/04/2019 21.58.00,420,0,70,0,25,0,0,0,0,0,0,0,0,0,0,0,0,0,0,0,0,0,0,0,0,0,0,0,0,0
04/04/2019 21.59.00,370,0,50,0,15,0,10,0,5,0,0,0,0,0,0,0,0,0,0,0,0,0,0,0,0,0,0,0,0,0
04/04/2019 22.00.00,395,0,55,0,0,0,0,0,0,0,0,0,0,0,0,0,0,0,0,0,0,0,0,0,0,0,0,0,0,0
04/04/2019 22.01.00,260,0,55,0,5,0,0,0,0,0,0,0,0,0,0,0,0,0,0,0,0,0,0,0,0,0,0,0,0,0
04/04/2019 22.02.00,355,0,60,0,15,0,0,0,0,0,0,0,0,0,0,0,0,0,0,0,0,0,0,0,0,0,0,0,0,0
04/04/2019 22.03.00,375,0,65,0,15,0,5,0,0,0,0,0,0,0,0,0,0,0,0,0,0,0,0,0,0,0,0,0,0,0
04/04/2019 22.04.00,325,0,45,0,10,0,5,0,5,0,0,0,0,0,0,0,0,0,0,0,0,0,0,0,0,0,0,0,0,0
04/04/2019 22.05.00,335,0,65,0,15,0,0,0,0,0,0,0,0,0,0,0,0,0,0,0,0,0,0,0,0,0,0,0,0,0
04/04/2019 22.06.00,375,0,60,0,30,0,10,0,0,0,0,0,0,0,0,0,0,0,0,0,0,0,0,0,0,0,0,0,0,0
04/04/2019 22.07.00,325,0,45,0,10,0,0,0,0,0,0,0,0,0,0,0,0,0,0,0,0,0,0,0,0,0,0,0,0,0
04/04/2019 22.08.00,300,0,55,0,25,0,5,0,0,0,0,0,0,0,0,0,0,0,0,0,0,0,0,0,0,0,0,0,0,0
04/04/2019 22.09.00,295,0,65,0,15,0,5,0,0,0,0,0,0,0,0,0,0,0,0,0,0,0,0,0,0,0,0,0,0,0
04/04/2019 22.10.00,320,0,80,0,20,0,5,0,5,0,5,0,5,0,3,0,0,0,0,0,0,0,0,0,0,0,0,0,0,0
04/04/2019 22.11.00,405,0,65,0,0,0,0,0,0,0,0,0,0,0,0,0,0,0,0,0,0,0,0,0,0,0,0,0,0,0
04/04/2019 22.12.00,345,0,50,0,25,0,5,0,0,0,0,0,0,0,0,0,0,0,0,0,0,0,0,0,0,0,0,0,0,0
04/04/2019 22.13.00,285,0,60,0,10,0,0,0,0,0,0,0,0,0,0,0,0,0,0,0,0,0,0,0,0,0,0,0,0,0
04/04/2019 22.14.00,305,0,40,0,10,0,0,0,0,0,0,0,0,0,0,0,0,0,0,0,0,0,0,0,0,0,0,0,0,0
04/04/2019 22.15.00,335,0,40,0,20,0,0,0,0,0,0,0,0,0,0,0,0,0,0,0,0,0,0,0,0,0,0,0,0,0
04/04/2019 22.16.00,350,0,50,0,15,0,0,0,0,0,0,0,0,0,0,0,0,0,0,0,0,0,0,0,0,0,0,0,0,0
04/04/2019 22.17.00,345,0,95,0,35,0,5,0,0,0,0,0,0,0,0,0,0,0,0,0,0,0,0,0,0,0,0,0,0,0
04/04/2019 22.18.00,300,0,30,0,0,0,0,0,0,0,0,0,0,0,0,0,0,0,0,0,0,0,0,0,0,0,0,0,0,0
04/04/2019 22.19.00,245,0,50,0,10,0,0,0,0,0,0,0,0,0,0,0,0,0,0,0,0,0,0,0,0,0,0,0,0,0
04/04/2019 22.20.00,330,0,30,0,15,0,5,0,5,0,5,0,5,0,3,0,0,0,0,0,0,0,0,0,0,0,0,0,0,0
04/04/2019 22.21.00,325,0,55,0,0,0,0,0,0,0,0,0,0,0,0,0,0,0,0,0,0,0,0,0,0,0,0,0,0,0
04/04/2019 22.22.00,255,0,50,0,15,0,0,0,0,0,0,0,0,0,0,0,0,0,0,0,0,0,0,0,0,0,0,0,0,0
04/04/2019 22.23.00,310,0,45,0,20,0,10,0,5,0,5,0,0,0,0,0,0,0,0,0,0,0,0,0,0,0,0,0,0,0
04/04/2019 22.24.00,315,0,45,0,30,0,15,0,10,0,10,0,0,0,0,0,0,0,0,0,0,0,0,0,0,0,0,0,0,0
04/04/2019 22.25.00,260,0,35,0,15,0,0,0,0,0,0,0,0,0,0,0,0,0,0,0,0,0,0,0,0,0,0,0,0,0
04/04/2019 22.26.00,220,0,35,0,5,0,5,0,5,0,5,0,0,0,0,0,0,0,0,0,0,0,0,0,0,0,0,0,0,0
04/04/2019 22.27.00,205,0,25,0,5,0,5,0,0,0,0,0,0,0,0,0,0,0,0,0,0,0,0,0,0,0,0,0,0,0
04/04/2019 22.28.00,270,0,60,0,15,0,10,0,10,0,10,0,10,0,5,0,0,0,0,0,0,0,0,0,0,0,0,0,0,0
04/04/2019 22.29.00,265,0,45,0,10,0,5,0,0,0,0,0,0,0,0,0,0,0,0,0,0,0,0,0,0,0,0,0,0,0
04/04/2019 22.30.00,335,0,40,0,20,0,10,0,5,0,5,0,0,0,0,0,0,0,0,0,0,0,0,0,0,0,0,0,0,0
04/04/2019 22.31.00,200,0,35,0,5,0,0,0,0,0,0,0,0,0,0,0,0,0,0,0,0,0,0,0,0,0,0,0,0,0
04/04/2019 22.32.00,230,0,20,0,5,0,0,0,0,0,0,0,0,0,0,0,0,0,0,0,0,0,0,0,0,0,0,0,0,0
04/04/2019 22.33.00,240,0,55,0,15,0,5,0,0,0,0,0,0,0,0,0,0,0,0,0,0,0,0,0,0,0,0,0,0,0
04/04/2019 22.34.00,190,0,30,0,10,0,5,0,5,0,0,0,0,0,0,0,0,0,0,0,0,0,0,0,0,0,0,0,0,0
04/04/2019 22.35.00,270,0,40,0,10,0,0,0,0,0,0,0,0,0,0,0,0,0,0,0,0,0,0,0,0,0,0,0,0,0
04/04/2019 22.36.00,290,0,55,0,25,0,5,0,0,0,0,0,0,0,0,0,0,0,0,0,0,0,0,0,0,0,0,0,0,0
04/04/2019 22.37.00,260,0,65,0,15,0,0,0,0,0,0,0,0,0,0,0,0,0,0,0,0,0,0,0,0,0,0,0,0,0
04/04/2019 22.38.00,260,0,65,0,10,0,5,0,5,0,5,0,0,0,0,0,0,0,0,0,0,0,0,0,0,0,0,0,0,0
04/04/2019 22.39.00,240,0,35,0,5,0,0,0,0,0,0,0,0,0,0,0,0,0,0,0,0,0,0,0,0,0,0,0,0,0
04/04/2019 22.40.00,235,0,35,0,10,0,0,0,0,0,0,0,0,0,0,0,0,0,0,0,0,0,0,0,0,0,0,0,0,0
04/04/2019 22.41.00,265,0,40,0,0,0,0,0,0,0,0,0,0,0,0,0,0,0,0,0,0,0,0,0,0,0,0,0,0,0
04/04/2019 22.42.00,290,0,40,0,20,0,5,0,0,0,0,0,0,0,0,0,0,0,0,0,0,0,0,0,0,0,0,0,0,0
04/04/2019 22.43.00,260,0,60,0,5,0,0,0,0,0,0,0,0,0,0,0,0,0,0,0,0,0,0,0,0,0,0,0,0,0
04/04/2019 22.44.00,250,0,45,0,10,0,0,0,0,0,0,0,0,0,0,0,0,0,0,0,0,0,0,0,0,0,0,0,0,0
04/04/2019 22.45.00,225,0,55,0,15,0,5,0,0,0,0,0,0,0,0,0,0,0,0,0,0,0,0,0,0,0,0,0,0,0
04/04/2019 22.46.00,245,0,50,0,15,0,10,0,5,0,5,0,5,0,3,0,0,0,0,0,0,0,0,0,0,0,0,0,0,0
04/04/2019 22.47.00,220,0,45,0,20,0,10,0,5,0,5,0,5,0,3,0,0,0,0,0,0,0,0,0,0,0,0,0,0,0
04/04/2019 22.48.00,200,0,40,0,20,0,0,0,0,0,0,0,0,0,0,0,0,0,0,0,0,0,0,0,0,0,0,0,0,0
04/04/2019 22.49.00,245,0,40,0,10,0,0,0,0,0,0,0,0,0,0,0,0,0,0,0,0,0,0,0,0,0,0,0,0,0
04/04/2019 22.50.00,170,0,20,0,0,0,0,0,0,0,0,0,0,0,0,0,0,0,0,0,0,0,0,0,0,0,0,0,0,0
04/04/2019 22.51.00,190,0,30,0,15,0,0,0,0,0,0,0,0,0,0,0,0,0,0,0,0,0,0,0,0,0,0,0,0,0
04/04/2019 22.52.00,235,0,50,0,10,0,0,0,0,0,0,0,0,0,0,0,0,0,0,0,0,0,0,0,0,0,0,0,0,0
04/04/2019 22.53.00,235,0,35,0,15,0,5,0,0,0,0,0,0,0,0,0,0,0,0,0,0,0,0,0,0,0,0,0,0,0
04/04/2019 22.54.00,250,0,50,0,25,0,5,0,0,0,0,0,0,0,0,0,0,0,0,0,0,0,0,0,0,0,0,0,0,0
04/04/2019 22.55.00,185,0,45,0,20,0,0,0,0,0,0,0,0,0,0,0,0,0,0,0,0,0,0,0,0,0,0,0,0,0
04/04/2019 22.56.00,210,0,45,0,25,0,0,0,0,0,0,0,0,0,0,0,0,0,0,0,0,0,0,0,0,0,0,0,0,0
04/04/2019 22.57.00,210,0,55,0,15,0,0,0,0,0,0,0,0,0,0,0,0,0,0,0,0,0,0,0,0,0,0,0,0,0
04/04/2019 22.58.00,190,0,55,0,15,0,0,0,0,0,0,0,0,0,0,0,0,0,0,0,0,0,0,0,0,0,0,0,0,0
04/04/2019 22.59.00,270,0,35,0,5,0,0,0,0,0,0,0,0,0,0,0,0,0,0,0,0,0,0,0,0,0,0,0,0,0
04/04/2019 23.00.00,215,0,40,0,10,0,5,0,0,0,0,0,0,0,0,0,0,0,0,0,0,0,0,0,0,0,0,0,0,0
04/04/2019 23.01.00,205,0,25,0,0,0,0,0,0,0,0,0,0,0,0,0,0,0,0,0,0,0,0,0,0,0,0,0,0,0
04/04/2019 23.02.00,205,0,35,0,5,0,0,0,0,0,0,0,0,0,0,0,0,0,0,0,0,0,0,0,0,0,0,0,0,0
04/04/2019 23.03.00,195,0,35,0,10,0,0,0,0,0,0,0,0,0,0,0,0,0,0,0,0,0,0,0,0,0,0,0,0,0
04/04/2019 23.04.00,195,0,20,0,0,0,0,0,0,0,0,0,0,0,0,0,0,0,0,0,0,0,0,0,0,0,0,0,0,0
04/04/2019 23.05.00,200,0,15,0,0,0,0,0,0,0,0,0,0,0,0,0,0,0,0,0,0,0,0,0,0,0,0,0,0,0
04/04/2019 23.06.00,220,0,35,0,15,0,5,0,0,0,0,0,0,0,0,0,0,0,0,0,0,0,0,0,0,0,0,0,0,0
04/04/2019 23.07.00,195,0,35,0,0,0,0,0,0,0,0,0,0,0,0,0,0,0,0,0,0,0,0,0,0,0,0,0,0,0
04/04/2019 23.08.00,130,0,25,0,15,0,10,0,10,0,5,0,0,0,0,0,0,0,0,0,0,0,0,0,0,0,0,0,0,0
04/04/2019 23.09.00,185,0,40,0,5,0,0,0,0,0,0,0,0,0,0,0,0,0,0,0,0,0,0,0,0,0,0,0,0,0
04/04/2019 23.10.00,170,0,20,0,5,0,0,0,0,0,0,0,0,0,0,0,0,0,0,0,0,0,0,0,0,0,0,0,0,0
04/04/2019 23.11.00,235,0,45,0,5,0,5,0,5,0,5,0,5,0,3,0,0,0,0,0,0,0,0,0,0,0,0,0,0,0
04/04/2019 23.12.00,205,0,40,0,5,0,0,0,0,0,0,0,0,0,0,0,0,0,0,0,0,0,0,0,0,0,0,0,0,0
04/04/2019 23.13.00,170,0,45,0,20,0,0,0,0,0,0,0,0,0,0,0,0,0,0,0,0,0,0,0,0,0,0,0,0,0
04/04/2019 23.14.00,170,0,30,0,5,0,0,0,0,0,0,0,0,0,0,0,0,0,0,0,0,0,0,0,0,0,0,0,0,0
04/04/2019 23.15.00,170,0,25,0,5,0,0,0,0,0,0,0,0,0,0,0,0,0,0,0,0,0,0,0,0,0,0,0,0,0
04/04/2019 23.16.00,150,0,35,0,5,0,0,0,0,0,0,0,0,0,0,0,0,0,0,0,0,0,0,0,0,0,0,0,0,0
04/04/2019 23.17.00,155,0,35,0,15,0,5,0,0,0,0,0,0,0,0,0,0,0,0,0,0,0,0,0,0,0,0,0,0,0
04/04/2019 23.18.00,165,0,25,0,10,0,5,0,5,0,5,0,5,0,3,0,0,0,0,0,0,0,0,0,0,0,0,0,0,0
04/04/2019 23.19.00,220,0,35,0,15,0,5,0,0,0,0,0,0,0,0,0,0,0,0,0,0,0,0,0,0,0,0,0,0,0
04/04/2019 23.20.00,150,0,65,0,5,0,0,0,0,0,0,0,0,0,0,0,0,0,0,0,0,0,0,0,0,0,0,0,0,0
04/04/2019 23.21.00,235,0,45,0,15,0,5,0,0,0,0,0,0,0,0,0,0,0,0,0,0,0,0,0,0,0,0,0,0,0
04/04/2019 23.22.00,145,0,25,0,15,0,0,0,0,0,0,0,0,0,0,0,0,0,0,0,0,0,0,0,0,0,0,0,0,0
04/04/2019 23.23.00,180,0,40,0,5,0,0,0,0,0,0,0,0,0,0,0,0,0,0,0,0,0,0,0,0,0,0,0,0,0
04/04/2019 23.24.00,170,0,40,0,25,0,5,0,0,0,0,0,0,0,0,0,0,0,0,0,0,0,0,0,0,0,0,0,0,0
04/04/2019 23.25.00,175,0,30,0,10,0,5,0,5,0,5,0,0,0,0,0,0,0,0,0,0,0,0,0,0,0,0,0,0,0
04/04/2019 23.26.00,160,0,50,0,10,0,5,0,5,0,5,0,0,0,0,0,0,0,0,0,0,0,0,0,0,0,0,0,0,0
04/04/2019 23.27.00,185,0,35,0,5,0,0,0,0,0,0,0,0,0,0,0,0,0,0,0,0,0,0,0,0,0,0,0,0,0
04/04/2019 23.28.00,140,0,35,0,5,0,0,0,0,0,0,0,0,0,0,0,0,0,0,0,0,0,0,0,0,0,0,0,0,0
04/04/2019 23.29.00,130,0,25,0,15,0,0,0,0,0,0,0,0,0,0,0,0,0,0,0,0,0,0,0,0,0,0,0,0,0
04/04/2019 23.30.00,150,0,20,0,5,0,0,0,0,0,0,0,0,0,0,0,0,0,0,0,0,0,0,0,0,0,0,0,0,0
04/04/2019 23.31.00,210,0,65,0,25,0,15,0,0,0,0,0,0,0,0,0,0,0,0,0,0,0,0,0,0,0,0,0,0,0
04/04/2019 23.32.00,180,0,20,0,0,0,0,0,0,0,0,0,0,0,0,0,0,0,0,0,0,0,0,0,0,0,0,0,0,0
04/04/2019 23.33.00,145,0,40,0,15,0,5,0,0,0,0,0,0,0,0,0,0,0,0,0,0,0,0,0,0,0,0,0,0,0
04/04/2019 23.34.00,145,0,25,0,0,0,0,0,0,0,0,0,0,0,0,0,0,0,0,0,0,0,0,0,0,0,0,0,0,0
04/04/2019 23.35.00,120,0,30,0,10,0,0,0,0,0,0,0,0,0,0,0,0,0,0,0,0,0,0,0,0,0,0,0,0,0
04/04/2019 23.36.00,120,0,20,0,0,0,0,0,0,0,0,0,0,0,0,0,0,0,0,0,0,0,0,0,0,0,0,0,0,0
04/04/2019 23.37.00,160,0,35,0,5,0,0,0,0,0,0,0,0,0,0,0,0,0,0,0,0,0,0,0,0,0,0,0,0,0
04/04/2019 23.38.00,185,0,55,0,0,0,0,0,0,0,0,0,0,0,0,0,0,0,0,0,0,0,0,0,0,0,0,0,0,0
04/04/2019 23.39.00,130,0,20,0,10,0,0,0,0,0,0,0,0,0,0,0,0,0,0,0,0,0,0,0,0,0,0,0,0,0
04/04/2019 23.40.00,215,0,40,0,5,0,5,0,0,0,0,0,0,0,0,0,0,0,0,0,0,0,0,0,0,0,0,0,0,0
04/04/2019 23.41.00,190,0,35,0,15,0,0,0,0,0,0,0,0,0,0,0,0,0,0,0,0,0,0,0,0,0,0,0,0,0
04/04/2019 23.42.00,165,0,40,0,5,0,0,0,0,0,0,0,0,0,0,0,0,0,0,0,0,0,0,0,0,0,0,0,0,0
04/04/2019 23.43.00,195,0,55,0,20,0,0,0,0,0,0,0,0,0,0,0,0,0,0,0,0,0,0,0,0,0,0,0,0,0
04/04/2019 23.44.00,135,0,20,0,0,0,0,0,0,0,0,0,0,0,0,0,0,0,0,0,0,0,0,0,0,0,0,0,0,0
04/04/2019 23.45.00,140,0,20,0,5,0,0,0,0,0,0,0,0,0,0,0,0,0,0,0,0,0,0,0,0,0,0,0,0,0
04/04/2019 23.46.00,205,0,70,0,30,0,5,0,5,0,0,0,0,0,0,0,0,0,0,0,0,0,0,0,0,0,0,0,0,0
04/04/2019 23.47.00,130,0,10,0,5,0,5,0,0,0,0,0,0,0,0,0,0,0,0,0,0,0,0,0,0,0,0,0,0,0
04/04/2019 23.48.00,125,0,30,0,10,0,0,0,0,0,0,0,0,0,0,0,0,0,0,0,0,0,0,0,0,0,0,0,0,0
04/04/2019 23.49.00,145,0,40,0,5,0,0,0,0,0,0,0,0,0,0,0,0,0,0,0,0,0,0,0,0,0,0,0,0,0
04/04/2019 23.50.00,115,0,60,0,15,0,0,0,0,0,0,0,0,0,0,0,0,0,0,0,0,0,0,0,0,0,0,0,0,0
04/04/2019 23.51.00,155,0,30,0,10,0,5,0,5,0,0,0,0,0,0,0,0,0,0,0,0,0,0,0,0,0,0,0,0,0
04/04/2019 23.52.00,160,0,20,0,0,0,0,0,0,0,0,0,0,0,0,0,0,0,0,0,0,0,0,0,0,0,0,0,0,0
04/04/2019 23.53.00,125,0,35,0,0,0,0,0,0,0,0,0,0,0,0,0,0,0,0,0,0,0,0,0,0,0,0,0,0,0
04/04/2019 23.54.00,75,0,15,0,5,0,0,0,0,0,0,0,0,0,0,0,0,0,0,0,0,0,0,0,0,0,0,0,0,0
04/04/2019 23.55.00,145,0,45,0,15,0,5,0,0,0,0,0,0,0,0,0,0,0,0,0,0,0,0,0,0,0,0,0,0,0
04/04/2019 23.56.00,130,0,45,0,15,0,5,0,0,0,0,0,0,0,0,0,0,0,0,0,0,0,0,0,0,0,0,0,0,0
04/04/2019 23.57.00,145,0,40,0,10,0,0,0,0,0,0,0,0,0,0,0,0,0,0,0,0,0,0,0,0,0,0,0,0,0
04/04/2019 23.58.00,140,0,50,0,15,0,0,0,0,0,0,0,0,0,0,0,0,0,0,0,0,0,0,0,0,0,0,0,0,0
04/04/2019 23.59.00,135,0,20,0,10,0,5,0,0,0,0,0,0,0,0,0,0,0,0,0,0,0,0,0,0,0,0,0,0,0
05/04/2019,170,0,35,0,0,0,0,0,0,0,0,0,0,0,0,0,0,0,0,0,0,0,0,0,0,0,0,0,0,0
05/04/2019 0.01.00,130,0,30,0,10,0,0,0,0,0,0,0,0,0,0,0,0,0,0,0,0,0,0,0,0,0,0,0,0,0
05/04/2019 0.02.00,100,0,50,0,10,0,5,0,0,0,0,0,0,0,0,0,0,0,0,0,0,0,0,0,0,0,0,0,0,0
05/04/2019 0.03.00,135,0,25,0,15,0,0,0,0,0,0,0,0,0,0,0,0,0,0,0,0,0,0,0,0,0,0,0,0,0
05/04/2019 0.04.00,125,0,25,0,5,0,5,0,5,0,0,0,0,0,0,0,0,0,0,0,0,0,0,0,0,0,0,0,0,0
05/04/2019 0.05.00,90,0,25,0,10,0,0,0,0,0,0,0,0,0,0,0,0,0,0,0,0,0,0,0,0,0,0,0,0,0
05/04/2019 0.06.00,155,0,20,0,10,0,0,0,0,0,0,0,0,0,0,0,0,0,0,0,0,0,0,0,0,0,0,0,0,0
05/04/2019 0.07.00,155,0,30,0,10,0,5,0,5,0,0,0,0,0,0,0,0,0,0,0,0,0,0,0,0,0,0,0,0,0
05/04/2019 0.08.00,165,0,25,0,10,0,0,0,0,0,0,0,0,0,0,0,0,0,0,0,0,0,0,0,0,0,0,0,0,0
05/04/2019 0.09.00,85,0,10,0,0,0,0,0,0,0,0,0,0,0,0,0,0,0,0,0,0,0,0,0,0,0,0,0,0,0
05/04/2019 0.10.00,145,0,30,0,5,0,0,0,0,0,0,0,0,0,0,0,0,0,0,0,0,0,0,0,0,0,0,0,0,0
05/04/2019 0.11.00,95,0,15,0,0,0,0,0,0,0,0,0,0,0,0,0,0,0,0,0,0,0,0,0,0,0,0,0,0,0
05/04/2019 0.12.00,130,0,20,0,10,0,0,0,0,0,0,0,0,0,0,0,0,0,0,0,0,0,0,0,0,0,0,0,0,0
05/04/2019 0.13.00,150,0,25,0,5,0,0,0,0,0,0,0,0,0,0,0,0,0,0,0,0,0,0,0,0,0,0,0,0,0
05/04/2019 0.14.00,155,0,15,0,5,0,0,0,0,0,0,0,0,0,0,0,0,0,0,0,0,0,0,0,0,0,0,0,0,0
05/04/2019 0.15.00,230,0,60,0,5,0,0,0,0,0,0,0,0,0,0,0,0,0,0,0,0,0,0,0,0,0,0,0,0,0
05/04/2019 0.16.00,140,0,25,0,5,0,0,0,0,0,0,0,0,0,0,0,0,0,0,0,0,0,0,0,0,0,0,0,0,0
05/04/2019 0.17.00,110,0,25,0,10,0,0,0,0,0,0,0,0,0,0,0,0,0,0,0,0,0,0,0,0,0,0,0,0,0
05/04/2019 0.18.00,130,0,40,0,0,0,0,0,0,0,0,0,0,0,0,0,0,0,0,0,0,0,0,0,0,0,0,0,0,0
05/04/2019 0.19.00,145,0,40,0,15,0,5,0,0,0,0,0,0,0,0,0,0,0,0,0,0,0,0,0,0,0,0,0,0,0
05/04/2019 0.20.00,120,0,10,0,5,0,5,0,5,0,5,0,5,0,0,0,0,0,0,0,0,0,0,0,0,0,0,0,0,0
05/04/2019 0.21.00,170,0,30,0,0,0,0,0,0,0,0,0,0,0,0,0,0,0,0,0,0,0,0,0,0,0,0,0,0,0
05/04/2019 0.22.00,180,0,50,0,15,0,0,0,0,0,0,0,0,0,0,0,0,0,0,0,0,0,0,0,0,0,0,0,0,0
05/04/2019 0.23.00,180,0,10,0,5,0,5,0,0,0,0,0,0,0,0,0,0,0,0,0,0,0,0,0,0,0,0,0,0,0
05/04/2019 0.24.00,200,0,45,0,20,0,10,0,5,0,0,0,0,0,0,0,0,0,0,0,0,0,0,0,0,0,0,0,0,0
05/04/2019 0.25.00,155,0,25,0,5,0,0,0,0,0,0,0,0,0,0,0,0,0,0,0,0,0,0,0,0,0,0,0,0,0
05/04/2019 0.26.00,120,0,40,0,10,0,0,0,0,0,0,0,0,0,0,0,0,0,0,0,0,0,0,0,0,0,0,0,0,0
05/04/2019 0.27.00,150,0,45,0,20,0,0,0,0,0,0,0,0,0,0,0,0,0,0,0,0,0,0,0,0,0,0,0,0,0
05/04/2019 0.28.00,160,0,30,0,10,0,5,0,5,0,5,0,5,0,3,0,0,0,0,0,0,0,0,0,0,0,0,0,0,0
05/04/2019 0.29.00,150,0,40,0,0,0,0,0,0,0,0,0,0,0,0,0,0,0,0,0,0,0,0,0,0,0,0,0,0,0
05/04/2019 0.30.00,170,0,30,0,15,0,0,0,0,0,0,0,0,0,0,0,0,0,0,0,0,0,0,0,0,0,0,0,0,0
05/04/2019 0.31.00,185,0,50,0,10,0,5,0,5,0,0,0,0,0,0,0,0,0,0,0,0,0,0,0,0,0,0,0,0,0
05/04/2019 0.32.00,195,0,60,0,20,0,5,0,0,0,0,0,0,0,0,0,0,0,0,0,0,0,0,0,0,0,0,0,0,0
05/04/2019 0.33.00,145,0,25,0,15,0,0,0,0,0,0,0,0,0,0,0,0,0,0,0,0,0,0,0,0,0,0,0,0,0
05/04/2019 0.34.00,170,0,40,0,10,0,0,0,0,0,0,0,0,0,0,0,0,0,0,0,0,0,0,0,0,0,0,0,0,0
05/04/2019 0.35.00,155,0,20,0,0,0,0,0,0,0,0,0,0,0,0,0,0,0,0,0,0,0,0,0,0,0,0,0,0,0
05/04/2019 0.36.00,190,0,65,0,10,0,0,0,0,0,0,0,0,0,0,0,0,0,0,0,0,0,0,0,0,0,0,0,0,0
05/04/2019 0.37.00,190,0,35,0,15,0,5,0,5,0,5,0,0,0,0,0,0,0,0,0,0,0,0,0,0,0,0,0,0,0
05/04/2019 0.38.00,225,0,75,0,15,0,0,0,0,0,0,0,0,0,0,0,0,0,0,0,0,0,0,0,0,0,0,0,0,0
05/04/2019 0.39.00,145,0,45,0,15,0,0,0,0,0,0,0,0,0,0,0,0,0,0,0,0,0,0,0,0,0,0,0,0,0
05/04/2019 0.40.00,150,0,45,0,15,0,5,0,5,0,5,0,0,0,0,0,0,0,0,0,0,0,0,0,0,0,0,0,0,0
05/04/2019 0.41.00,130,0,25,0,5,0,0,0,0,0,0,0,0,0,0,0,0,0,0,0,0,0,0,0,0,0,0,0,0,0
05/04/2019 0.42.00,180,0,40,0,5,0,0,0,0,0,0,0,0,0,0,0,0,0,0,0,0,0,0,0,0,0,0,0,0,0
05/04/2019 0.43.00,145,0,25,0,10,0,0,0,0,0,0,0,0,0,0,0,0,0,0,0,0,0,0,0,0,0,0,0,0,0
05/04/2019 0.44.00,140,0,15,0,5,0,0,0,0,0,0,0,0,0,0,0,0,0,0,0,0,0,0,0,0,0,0,0,0,0
05/04/2019 0.45.00,155,0,30,0,10,0,5,0,5,0,5,0,5,0,0,0,0,0,0,0,0,0,0,0,0,0,0,0,0,0
05/04/2019 0.46.00,190,0,70,0,5,0,5,0,0,0,0,0,0,0,0,0,0,0,0,0,0,0,0,0,0,0,0,0,0,0
05/04/2019 0.47.00,220,0,70,0,50,0,15,0,10,0,5,0,5,0,3,0,0,0,0,0,0,0,0,0,0,0,0,0,0,0
05/04/2019 0.48.00,130,0,25,0,10,0,0,0,0,0,0,0,0,0,0,0,0,0,0,0,0,0,0,0,0,0,0,0,0,0
05/04/2019 0.49.00,155,0,50,0,25,0,0,0,0,0,0,0,0,0,0,0,0,0,0,0,0,0,0,0,0,0,0,0,0,0
05/04/2019 0.50.00,140,0,40,0,10,0,0,0,0,0,0,0,0,0,0,0,0,0,0,0,0,0,0,0,0,0,0,0,0,0
05/04/2019 0.51.00,105,0,35,0,10,0,0,0,0,0,0,0,0,0,0,0,0,0,0,0,0,0,0,0,0,0,0,0,0,0
05/04/2019 0.52.00,165,0,40,0,10,0,0,0,0,0,0,0,0,0,0,0,0,0,0,0,0,0,0,0,0,0,0,0,0,0
05/04/2019 0.53.00,135,0,35,0,20,0,10,0,10,0,5,0,0,0,0,0,0,0,0,0,0,0,0,0,0,0,0,0,0,0
05/04/2019 0.54.00,185,0,55,0,10,0,0,0,0,0,0,0,0,0,0,0,0,0,0,0,0,0,0,0,0,0,0,0,0,0
05/04/2019 0.55.00,195,0,45,0,25,0,5,0,5,0,5,0,0,0,0,0,0,0,0,0,0,0,0,0,0,0,0,0,0,0
05/04/2019 0.56.00,190,0,65,0,5,0,5,0,0,0,0,0,0,0,0,0,0,0,0,0,0,0,0,0,0,0,0,0,0,0
05/04/2019 0.57.00,200,0,30,0,5,0,0,0,0,0,0,0,0,0,0,0,0,0,0,0,0,0,0,0,0,0,0,0,0,0
05/04/2019 0.58.00,195,0,15,0,15,0,5,0,0,0,0,0,0,0,0,0,0,0,0,0,0,0,0,0,0,0,0,0,0,0
05/04/2019 0.59.00,170,0,10,0,5,0,0,0,0,0,0,0,0,0,0,0,0,0,0,0,0,0,0,0,0,0,0,0,0,0
05/04/2019 1.00.00,170,0,35,0,5,0,0,0,0,0,0,0,0,0,0,0,0,0,0,0,0,0,0,0,0,0,0,0,0,0
05/04/2019 1.01.00,205,0,55,0,10,0,0,0,0,0,0,0,0,0,0,0,0,0,0,0,0,0,0,0,0,0,0,0,0,0
05/04/2019 1.02.00,195,0,55,0,10,0,5,0,5,0,5,0,5,0,3,0,0,0,0,0,0,0,0,0,0,0,0,0,0,0
05/04/2019 1.03.00,205,0,45,0,30,0,0,0,0,0,0,0,0,0,0,0,0,0,0,0,0,0,0,0,0,0,0,0,0,0
05/04/2019 1.04.00,200,0,50,0,5,0,0,0,0,0,0,0,0,0,0,0,0,0,0,0,0,0,0,0,0,0,0,0,0,0
05/04/2019 1.05.00,170,0,40,0,15,0,0,0,0,0,0,0,0,0,0,0,0,0,0,0,0,0,0,0,0,0,0,0,0,0
05/04/2019 1.06.00,210,0,55,0,15,0,0,0,0,0,0,0,0,0,0,0,0,0,0,0,0,0,0,0,0,0,0,0,0,0
05/04/2019 1.07.00,165,0,25,0,5,0,0,0,0,0,0,0,0,0,0,0,0,0,0,0,0,0,0,0,0,0,0,0,0,0
05/04/2019 1.08.00,200,0,65,0,5,0,0,0,0,0,0,0,0,0,0,0,0,0,0,0,0,0,0,0,0,0,0,0,0,0
05/04/2019 1.09.00,230,0,55,0,25,0,0,0,0,0,0,0,0,0,0,0,0,0,0,0,0,0,0,0,0,0,0,0,0,0
05/04/2019 1.10.00,150,0,25,0,5,0,0,0,0,0,0,0,0,0,0,0,0,0,0,0,0,0,0,0,0,0,0,0,0,0
05/04/2019 1.11.00,140,0,35,0,15,0,5,0,5,0,0,0,0,0,0,0,0,0,0,0,0,0,0,0,0,0,0,0,0,0
05/04/2019 1.12.00,190,0,45,0,10,0,0,0,0,0,0,0,0,0,0,0,0,0,0,0,0,0,0,0,0,0,0,0,0,0
05/04/2019 1.13.00,165,0,45,0,15,0,0,0,0,0,0,0,0,0,0,0,0,0,0,0,0,0,0,0,0,0,0,0,0,0
05/04/2019 1.14.00,190,0,50,0,20,0,5,0,0,0,0,0,0,0,0,0,0,0,0,0,0,0,0,0,0,0,0,0,0,0
05/04/2019 1.15.00,210,0,65,0,5,0,0,0,0,0,0,0,0,0,0,0,0,0,0,0,0,0,0,0,0,0,0,0,0,0
05/04/2019 1.16.00,215,0,35,0,5,0,0,0,0,0,0,0,0,0,0,0,0,0,0,0,0,0,0,0,0,0,0,0,0,0
05/04/2019 1.17.00,135,0,40,0,10,0,0,0,0,0,0,0,0,0,0,0,0,0,0,0,0,0,0,0,0,0,0,0,0,0
05/04/2019 1.18.00,150,0,30,0,5,0,0,0,0,0,0,0,0,0,0,0,0,0,0,0,0,0,0,0,0,0,0,0,0,0
05/04/2019 1.19.00,255,0,70,0,15,0,0,0,0,0,0,0,0,0,0,0,0,0,0,0,0,0,0,0,0,0,0,0,0,0
05/04/2019 1.20.00,125,0,25,0,10,0,0,0,0,0,0,0,0,0,0,0,0,0,0,0,0,0,0,0,0,0,0,0,0,0
05/04/2019 1.21.00,190,0,45,0,5,0,0,0,0,0,0,0,0,0,0,0,0,0,0,0,0,0,0,0,0,0,0,0,0,0
05/04/2019 1.22.00,175,0,55,0,10,0,5,0,5,0,5,0,0,0,0,0,0,0,0,0,0,0,0,0,0,0,0,0,0,0
05/04/2019 1.23.00,135,0,40,0,10,0,5,0,5,0,5,0,5,0,3,0,0,0,0,0,0,0,0,0,0,0,0,0,0,0
05/04/2019 1.24.00,150,0,25,0,5,0,0,0,0,0,0,0,0,0,0,0,0,0,0,0,0,0,0,0,0,0,0,0,0,0
05/04/2019 1.25.00,135,0,25,0,5,0,0,0,0,0,0,0,0,0,0,0,0,0,0,0,0,0,0,0,0,0,0,0,0,0
05/04/2019 1.26.00,135,0,35,0,0,0,0,0,0,0,0,0,0,0,0,0,0,0,0,0,0,0,0,0,0,0,0,0,0,0
05/04/2019 1.27.00,205,0,70,0,30,0,5,0,0,0,0,0,0,0,0,0,0,0,0,0,0,0,0,0,0,0,0,0,0,0
05/04/2019 1.28.00,150,0,30,0,10,0,0,0,0,0,0,0,0,0,0,0,0,0,0,0,0,0,0,0,0,0,0,0,0,0
05/04/2019 1.29.00,120,0,15,0,5,0,0,0,0,0,0,0,0,0,0,0,0,0,0,0,0,0,0,0,0,0,0,0,0,0
05/04/2019 1.30.00,130,0,20,0,10,0,0,0,0,0,0,0,0,0,0,0,0,0,0,0,0,0,0,0,0,0,0,0,0,0
05/04/2019 1.31.00,130,0,50,0,10,0,0,0,0,0,0,0,0,0,0,0,0,0,0,0,0,0,0,0,0,0,0,0,0,0
05/04/2019 1.32.00,170,0,35,0,5,0,0,0,0,0,0,0,0,0,0,0,0,0,0,0,0,0,0,0,0,0,0,0,0,0
05/04/2019 1.33.00,155,0,45,0,15,0,0,0,0,0,0,0,0,0,0,0,0,0,0,0,0,0,0,0,0,0,0,0,0,0
05/04/2019 1.34.00,95,0,40,0,5,0,0,0,0,0,0,0,0,0,0,0,0,0,0,0,0,0,0,0,0,0,0,0,0,0
05/04/2019 1.35.00,165,0,45,0,15,0,5,0,0,0,0,0,0,0,0,0,0,0,0,0,0,0,0,0,0,0,0,0,0,0
05/04/2019 1.36.00,150,0,45,0,10,0,5,0,5,0,5,0,5,0,3,0,0,0,0,0,0,0,0,0,0,0,0,0,0,0
05/04/2019 1.37.00,130,0,25,0,5,0,0,0,0,0,0,0,0,0,0,0,0,0,0,0,0,0,0,0,0,0,0,0,0,0
05/04/2019 1.38.00,135,0,35,0,5,0,0,0,0,0,0,0,0,0,0,0,0,0,0,0,0,0,0,0,0,0,0,0,0,0
05/04/2019 1.39.00,185,0,65,0,40,0,5,0,0,0,0,0,0,0,0,0,0,0,0,0,0,0,0,0,0,0,0,0,0,0
05/04/2019 1.40.00,140,0,20,0,10,0,0,0,0,0,0,0,0,0,0,0,0,0,0,0,0,0,0,0,0,0,0,0,0,0
05/04/2019 1.41.00,160,0,50,0,15,0,5,0,0,0,0,0,0,0,0,0,0,0,0,0,0,0,0,0,0,0,0,0,0,0
05/04/2019 1.42.00,155,0,45,0,0,0,0,0,0,0,0,0,0,0,0,0,0,0,0,0,0,0,0,0,0,0,0,0,0,0
05/04/2019 1.43.00,230,0,45,0,30,0,20,0,5,0,5,0,5,0,3,0,0,0,0,0,0,0,0,0,0,0,0,0,0,0
05/04/2019 1.44.00,214,0,54,0,24,0,5,0,5,0,5,0,5,0,3,0,0,0,0,0,0,0,0,0,0,0,0,0,0,0
05/04/2019 1.45.00,155,0,45,0,10,0,0,0,0,0,0,0,0,0,0,0,0,0,0,0,0,0,0,0,0,0,0,0,0,0
05/04/2019 1.46.00,155,0,20,0,10,0,0,0,0,0,0,0,0,0,0,0,0,0,0,0,0,0,0,0,0,0,0,0,0,0
05/04/2019 1.47.00,175,0,60,0,30,0,5,0,0,0,0,0,0,0,0,0,0,0,0,0,0,0,0,0,0,0,0,0,0,0
05/04/2019 1.48.00,165,0,35,0,10,0,5,0,0,0,0,0,0,0,0,0,0,0,0,0,0,0,0,0,0,0,0,0,0,0
05/04/2019 1.49.00,160,0,55,0,15,0,0,0,0,0,0,0,0,0,0,0,0,0,0,0,0,0,0,0,0,0,0,0,0,0
05/04/2019 1.50.00,170,0,45,0,15,0,0,0,0,0,0,0,0,0,0,0,0,0,0,0,0,0,0,0,0,0,0,0,0,0
05/04/2019 1.51.00,145,0,20,0,5,0,0,0,0,0,0,0,0,0,0,0,0,0,0,0,0,0,0,0,0,0,0,0,0,0
05/04/2019 1.52.00,190,0,50,0,5,0,0,0,0,0,0,0,0,0,0,0,0,0,0,0,0,0,0,0,0,0,0,0,0,0
05/04/2019 1.53.00,135,0,45,0,20,0,5,0,5,0,5,0,5,0,3,0,0,0,0,0,0,0,0,0,0,0,0,0,0,0
05/04/2019 1.54.00,160,0,75,0,15,0,5,0,5,0,0,0,0,0,0,0,0,0,0,0,0,0,0,0,0,0,0,0,0,0
05/04/2019 1.55.00,160,0,50,0,5,0,0,0,0,0,0,0,0,0,0,0,0,0,0,0,0,0,0,0,0,0,0,0,0,0
05/04/2019 1.56.00,170,0,25,0,10,0,5,0,0,0,0,0,0,0,0,0,0,0,0,0,0,0,0,0,0,0,0,0,0,0
05/04/2019 1.57.00,155,0,40,0,5,0,0,0,0,0,0,0,0,0,0,0,0,0,0,0,0,0,0,0,0,0,0,0,0,0
05/04/2019 1.58.00,125,0,55,0,25,0,10,0,0,0,0,0,0,0,0,0,0,0,0,0,0,0,0,0,0,0,0,0,0,0
05/04/2019 1.59.00,190,0,60,0,25,0,0,0,0,0,0,0,0,0,0,0,0,0,0,0,0,0,0,0,0,0,0,0,0,0
05/04/2019 2.00.00,160,0,25,0,10,0,0,0,0,0,0,0,0,0,0,0,0,0,0,0,0,0,0,0,0,0,0,0,0,0
05/04/2019 2.01.00,160,0,50,0,15,0,10,0,0,0,0,0,0,0,0,0,0,0,0,0,0,0,0,0,0,0,0,0,0,0
05/04/2019 2.02.00,165,0,35,0,20,0,10,0,0,0,0,0,0,0,0,0,0,0,0,0,0,0,0,0,0,0,0,0,0,0
05/04/2019 2.03.00,160,0,65,0,5,0,0,0,0,0,0,0,0,0,0,0,0,0,0,0,0,0,0,0,0,0,0,0,0,0
05/04/2019 2.04.00,195,0,75,0,25,0,0,0,0,0,0,0,0,0,0,0,0,0,0,0,0,0,0,0,0,0,0,0,0,0
05/04/2019 2.05.00,170,0,55,0,20,0,0,0,0,0,0,0,0,0,0,0,0,0,0,0,0,0,0,0,0,0,0,0,0,0
05/04/2019 2.06.00,105,0,10,0,5,0,0,0,0,0,0,0,0,0,0,0,0,0,0,0,0,0,0,0,0,0,0,0,0,0
05/04/2019 2.07.00,110,0,45,0,15,0,0,0,0,0,0,0,0,0,0,0,0,0,0,0,0,0,0,0,0,0,0,0,0,0
05/04/2019 2.08.00,105,0,25,0,0,0,0,0,0,0,0,0,0,0,0,0,0,0,0,0,0,0,0,0,0,0,0,0,0,0
05/04/2019 2.09.00,160,0,55,0,20,0,5,0,0,0,0,0,0,0,0,0,0,0,0,0,0,0,0,0,0,0,0,0,0,0
05/04/2019 2.10.00,175,0,60,0,10,0,0,0,0,0,0,0,0,0,0,0,0,0,0,0,0,0,0,0,0,0,0,0,0,0
05/04/2019 2.11.00,110,0,25,0,5,0,0,0,0,0,0,0,0,0,0,0,0,0,0,0,0,0,0,0,0,0,0,0,0,0
05/04/2019 2.12.00,150,0,35,0,10,0,0,0,0,0,0,0,0,0,0,0,0,0,0,0,0,0,0,0,0,0,0,0,0,0
05/04/2019 2.13.00,105,0,25,0,0,0,0,0,0,0,0,0,0,0,0,0,0,0,0,0,0,0,0,0,0,0,0,0,0,0
05/04/2019 2.14.00,100,0,25,0,5,0,0,0,0,0,0,0,0,0,0,0,0,0,0,0,0,0,0,0,0,0,0,0,0,0
05/04/2019 2.15.00,120,0,45,0,5,0,5,0,0,0,0,0,0,0,0,0,0,0,0,0,0,0,0,0,0,0,0,0,0,0
05/04/2019 2.16.00,155,0,45,0,15,0,0,0,0,0,0,0,0,0,0,0,0,0,0,0,0,0,0,0,0,0,0,0,0,0
05/04/2019 2.17.00,140,0,35,0,15,0,0,0,0,0,0,0,0,0,0,0,0,0,0,0,0,0,0,0,0,0,0,0,0,0
05/04/2019 2.18.00,205,0,40,0,10,0,5,0,5,0,5,0,0,0,0,0,0,0,0,0,0,0,0,0,0,0,0,0,0,0
05/04/2019 2.19.00,180,0,50,0,15,0,5,0,5,0,5,0,5,0,3,0,0,0,0,0,0,0,0,0,0,0,0,0,0,0
05/04/2019 2.20.00,115,0,35,0,25,0,5,0,0,0,0,0,0,0,0,0,0,0,0,0,0,0,0,0,0,0,0,0,0,0
05/04/2019 2.21.00,155,0,35,0,10,0,5,0,5,0,5,0,0,0,0,0,0,0,0,0,0,0,0,0,0,0,0,0,0,0
05/04/2019 2.22.00,130,0,35,0,10,0,0,0,0,0,0,0,0,0,0,0,0,0,0,0,0,0,0,0,0,0,0,0,0,0
05/04/2019 2.23.00,140,0,55,0,0,0,0,0,0,0,0,0,0,0,0,0,0,0,0,0,0,0,0,0,0,0,0,0,0,0
05/04/2019 2.24.00,155,0,35,0,25,0,5,0,5,0,0,0,0,0,0,0,0,0,0,0,0,0,0,0,0,0,0,0,0,0
05/04/2019 2.25.00,130,0,30,0,5,0,5,0,0,0,0,0,0,0,0,0,0,0,0,0,0,0,0,0,0,0,0,0,0,0
05/04/2019 2.26.00,130,0,50,0,0,0,0,0,0,0,0,0,0,0,0,0,0,0,0,0,0,0,0,0,0,0,0,0,0,0
05/04/2019 2.27.00,120,0,15,0,5,0,0,0,0,0,0,0,0,0,0,0,0,0,0,0,0,0,0,0,0,0,0,0,0,0
05/04/2019 2.28.00,135,0,35,0,5,0,5,0,0,0,0,0,0,0,0,0,0,0,0,0,0,0,0,0,0,0,0,0,0,0
05/04/2019 2.29.00,145,0,40,0,5,0,0,0,0,0,0,0,0,0,0,0,0,0,0,0,0,0,0,0,0,0,0,0,0,0
05/04/2019 2.30.00,145,0,25,0,10,0,5,0,0,0,0,0,0,0,0,0,0,0,0,0,0,0,0,0,0,0,0,0,0,0
05/04/2019 2.31.00,105,0,30,0,10,0,0,0,0,0,0,0,0,0,0,0,0,0,0,0,0,0,0,0,0,0,0,0,0,0
05/04/2019 2.32.00,140,0,40,0,20,0,5,0,5,0,0,0,0,0,0,0,0,0,0,0,0,0,0,0,0,0,0,0,0,0
05/04/2019 2.33.00,130,0,25,0,0,0,0,0,0,0,0,0,0,0,0,0,0,0,0,0,0,0,0,0,0,0,0,0,0,0
05/04/2019 2.34.00,165,0,40,0,10,0,0,0,0,0,0,0,0,0,0,0,0,0,0,0,0,0,0,0,0,0,0,0,0,0
05/04/2019 2.35.00,120,0,40,0,10,0,0,0,0,0,0,0,0,0,0,0,0,0,0,0,0,0,0,0,0,0,0,0,0,0
05/04/2019 2.36.00,100,0,25,0,15,0,0,0,0,0,0,0,0,0,0,0,0,0,0,0,0,0,0,0,0,0,0,0,0,0
05/04/2019 2.37.00,115,0,35,0,0,0,0,0,0,0,0,0,0,0,0,0,0,0,0,0,0,0,0,0,0,0,0,0,0,0
05/04/2019 2.38.00,85,0,20,0,0,0,0,0,0,0,0,0,0,0,0,0,0,0,0,0,0,0,0,0,0,0,0,0,0,0
05/04/2019 2.39.00,120,0,30,0,10,0,5,0,0,0,0,0,0,0,0,0,0,0,0,0,0,0,0,0,0,0,0,0,0,0
05/04/2019 2.40.00,150,0,50,0,15,0,0,0,0,0,0,0,0,0,0,0,0,0,0,0,0,0,0,0,0,0,0,0,0,0
05/04/2019 2.41.00,115,0,40,0,15,0,5,0,0,0,0,0,0,0,0,0,0,0,0,0,0,0,0,0,0,0,0,0,0,0
05/04/2019 2.42.00,155,0,45,0,25,0,0,0,0,0,0,0,0,0,0,0,0,0,0,0,0,0,0,0,0,0,0,0,0,0
05/04/2019 2.43.00,140,0,30,0,30,0,15,0,5,0,0,0,0,0,0,0,0,0,0,0,0,0,0,0,0,0,0,0,0,0
05/04/2019 2.44.00,85,0,30,0,10,0,0,0,0,0,0,0,0,0,0,0,0,0,0,0,0,0,0,0,0,0,0,0,0,0
05/04/2019 2.45.00,175,0,45,0,5,0,0,0,0,0,0,0,0,0,0,0,0,0,0,0,0,0,0,0,0,0,0,0,0,0
05/04/2019 2.46.00,90,0,10,0,0,0,0,0,0,0,0,0,0,0,0,0,0,0,0,0,0,0,0,0,0,0,0,0,0,0
05/04/2019 2.47.00,145,0,40,0,10,0,0,0,0,0,0,0,0,0,0,0,0,0,0,0,0,0,0,0,0,0,0,0,0,0
05/04/2019 2.48.00,145,0,45,0,20,0,10,0,5,0,0,0,0,0,0,0,0,0,0,0,0,0,0,0,0,0,0,0,0,0
05/04/2019 2.49.00,135,0,35,0,5,0,5,0,0,0,0,0,0,0,0,0,0,0,0,0,0,0,0,0,0,0,0,0,0,0
05/04/2019 2.50.00,130,0,55,0,20,0,0,0,0,0,0,0,0,0,0,0,0,0,0,0,0,0,0,0,0,0,0,0,0,0
05/04/2019 2.51.00,130,0,45,0,20,0,10,0,0,0,0,0,0,0,0,0,0,0,0,0,0,0,0,0,0,0,0,0,0,0
05/04/2019 2.52.00,140,0,40,0,5,0,0,0,0,0,0,0,0,0,0,0,0,0,0,0,0,0,0,0,0,0,0,0,0,0
05/04/2019 2.53.00,135,0,50,0,20,0,5,0,5,0,5,0,0,0,0,0,0,0,0,0,0,0,0,0,0,0,0,0,0,0
05/04/2019 2.54.00,100,0,20,0,10,0,0,0,0,0,0,0,0,0,0,0,0,0,0,0,0,0,0,0,0,0,0,0,0,0
05/04/2019 2.55.00,100,0,30,0,25,0,5,0,5,0,5,0,5,0,3,0,0,0,0,0,0,0,0,0,0,0,0,0,0,0
05/04/2019 2.56.00,110,0,55,0,25,0,0,0,0,0,0,0,0,0,0,0,0,0,0,0,0,0,0,0,0,0,0,0,0,0
05/04/2019 2.57.00,120,0,35,0,10,0,5,0,0,0,0,0,0,0,0,0,0,0,0,0,0,0,0,0,0,0,0,0,0,0
05/04/2019 2.58.00,125,0,50,0,15,0,0,0,0,0,0,0,0,0,0,0,0,0,0,0,0,0,0,0,0,0,0,0,0,0
05/04/2019 2.59.00,145,0,60,0,15,0,5,0,5,0,0,0,0,0,0,0,0,0,0,0,0,0,0,0,0,0,0,0,0,0
05/04/2019 3.00.00,100,0,20,0,5,0,0,0,0,0,0,0,0,0,0,0,0,0,0,0,0,0,0,0,0,0,0,0,0,0
05/04/2019 3.01.00,95,0,35,0,15,0,0,0,0,0,0,0,0,0,0,0,0,0,0,0,0,0,0,0,0,0,0,0,0,0
05/04/2019 3.02.00,100,0,25,0,5,0,0,0,0,0,0,0,0,0,0,0,0,0,0,0,0,0,0,0,0,0,0,0,0,0
05/04/2019 3.03.00,175,0,60,0,30,0,5,0,5,0,5,0,0,0,0,0,0,0,0,0,0,0,0,0,0,0,0,0,0,0
05/04/2019 3.04.00,95,0,20,0,10,0,0,0,0,0,0,0,0,0,0,0,0,0,0,0,0,0,0,0,0,0,0,0,0,0
05/04/2019 3.05.00,110,0,40,0,5,0,5,0,5,0,0,0,0,0,0,0,0,0,0,0,0,0,0,0,0,0,0,0,0,0
05/04/2019 3.06.00,135,0,45,0,25,0,0,0,0,0,0,0,0,0,0,0,0,0,0,0,0,0,0,0,0,0,0,0,0,0
05/04/2019 3.07.00,145,0,45,0,15,0,5,0,0,0,0,0,0,0,0,0,0,0,0,0,0,0,0,0,0,0,0,0,0,0
05/04/2019 3.08.00,115,0,55,0,25,0,5,0,0,0,0,0,0,0,0,0,0,0,0,0,0,0,0,0,0,0,0,0,0,0
05/04/2019 3.09.00,135,0,25,0,15,0,5,0,0,0,0,0,0,0,0,0,0,0,0,0,0,0,0,0,0,0,0,0,0,0
05/04/2019 3.10.00,100,0,20,0,5,0,0,0,0,0,0,0,0,0,0,0,0,0,0,0,0,0,0,0,0,0,0,0,0,0
05/04/2019 3.11.00,155,0,35,0,20,0,10,0,5,0,5,0,0,0,0,0,0,0,0,0,0,0,0,0,0,0,0,0,0,0
05/04/2019 3.12.00,160,0,60,0,20,0,5,0,5,0,0,0,0,0,0,0,0,0,0,0,0,0,0,0,0,0,0,0,0,0
05/04/2019 3.13.00,130,0,20,0,5,0,0,0,0,0,0,0,0,0,0,0,0,0,0,0,0,0,0,0,0,0,0,0,0,0
05/04/2019 3.14.00,70,0,20,0,5,0,0,0,0,0,0,0,0,0,0,0,0,0,0,0,0,0,0,0,0,0,0,0,0,0
05/04/2019 3.15.00,105,0,40,0,15,0,5,0,0,0,0,0,0,0,0,0,0,0,0,0,0,0,0,0,0,0,0,0,0,0
05/04/2019 3.16.00,60,0,20,0,20,0,0,0,0,0,0,0,0,0,0,0,0,0,0,0,0,0,0,0,0,0,0,0,0,0
05/04/2019 3.17.00,120,0,30,0,10,0,10,0,0,0,0,0,0,0,0,0,0,0,0,0,0,0,0,0,0,0,0,0,0,0
05/04/2019 3.18.00,125,0,35,0,5,0,0,0,0,0,0,0,0,0,0,0,0,0,0,0,0,0,0,0,0,0,0,0,0,0
05/04/2019 3.19.00,85,0,25,0,0,0,0,0,0,0,0,0,0,0,0,0,0,0,0,0,0,0,0,0,0,0,0,0,0,0
05/04/2019 3.20.00,85,0,25,0,0,0,0,0,0,0,0,0,0,0,0,0,0,0,0,0,0,0,0,0,0,0,0,0,0,0
05/04/2019 3.21.00,105,0,25,0,15,0,5,0,0,0,0,0,0,0,0,0,0,0,0,0,0,0,0,0,0,0,0,0,0,0
05/04/2019 3.22.00,90,0,25,0,10,0,5,0,5,0,5,0,0,0,0,0,0,0,0,0,0,0,0,0,0,0,0,0,0,0
05/04/2019 3.23.00,115,0,50,0,15,0,0,0,0,0,0,0,0,0,0,0,0,0,0,0,0,0,0,0,0,0,0,0,0,0
05/04/2019 3.24.00,90,0,25,0,10,0,0,0,0,0,0,0,0,0,0,0,0,0,0,0,0,0,0,0,0,0,0,0,0,0
05/04/2019 3.25.00,95,0,35,0,15,0,5,0,0,0,0,0,0,0,0,0,0,0,0,0,0,0,0,0,0,0,0,0,0,0
05/04/2019 3.26.00,80,0,30,0,10,0,0,0,0,0,0,0,0,0,0,0,0,0,0,0,0,0,0,0,0,0,0,0,0,0
05/04/2019 3.27.00,100,0,25,0,10,0,0,0,0,0,0,0,0,0,0,0,0,0,0,0,0,0,0,0,0,0,0,0,0,0
05/04/2019 3.28.00,140,0,30,0,5,0,0,0,0,0,0,0,0,0,0,0,0,0,0,0,0,0,0,0,0,0,0,0,0,0
05/04/2019 3.29.00,105,0,15,0,5,0,0,0,0,0,0,0,0,0,0,0,0,0,0,0,0,0,0,0,0,0,0,0,0,0
05/04/2019 3.30.00,80,0,40,0,10,0,0,0,0,0,0,0,0,0,0,0,0,0,0,0,0,0,0,0,0,0,0,0,0,0
05/04/2019 3.31.00,140,0,15,0,5,0,5,0,0,0,0,0,0,0,0,0,0,0,0,0,0,0,0,0,0,0,0,0,0,0
05/04/2019 3.32.00,135,0,30,0,10,0,0,0,0,0,0,0,0,0,0,0,0,0,0,0,0,0,0,0,0,0,0,0,0,0
05/04/2019 3.33.00,115,0,50,0,20,0,10,0,5,0,0,0,0,0,0,0,0,0,0,0,0,0,0,0,0,0,0,0,0,0
05/04/2019 3.34.00,130,0,30,0,10,0,0,0,0,0,0,0,0,0,0,0,0,0,0,0,0,0,0,0,0,0,0,0,0,0
05/04/2019 3.35.00,95,0,40,0,10,0,0,0,0,0,0,0,0,0,0,0,0,0,0,0,0,0,0,0,0,0,0,0,0,0
05/04/2019 3.36.00,90,0,15,0,10,0,0,0,0,0,0,0,0,0,0,0,0,0,0,0,0,0,0,0,0,0,0,0,0,0
05/04/2019 3.37.00,100,0,35,0,10,0,0,0,0,0,0,0,0,0,0,0,0,0,0,0,0,0,0,0,0,0,0,0,0,0
05/04/2019 3.38.00,135,0,65,0,15,0,0,0,0,0,0,0,0,0,0,0,0,0,0,0,0,0,0,0,0,0,0,0,0,0
05/04/2019 3.39.00,160,0,30,0,15,0,0,0,0,0,0,0,0,0,0,0,0,0,0,0,0,0,0,0,0,0,0,0,0,0
05/04/2019 3.40.00,150,0,60,0,20,0,10,0,0,0,0,0,0,0,0,0,0,0,0,0,0,0,0,0,0,0,0,0,0,0
05/04/2019 3.41.00,85,0,40,0,15,0,10,0,0,0,0,0,0,0,0,0,0,0,0,0,0,0,0,0,0,0,0,0,0,0
05/04/2019 3.42.00,90,0,15,0,10,0,0,0,0,0,0,0,0,0,0,0,0,0,0,0,0,0,0,0,0,0,0,0,0,0
05/04/2019 3.43.00,105,0,40,0,10,0,10,0,5,0,5,0,0,0,0,0,0,0,0,0,0,0,0,0,0,0,0,0,0,0
05/04/2019 3.44.00,105,0,35,0,5,0,0,0,0,0,0,0,0,0,0,0,0,0,0,0,0,0,0,0,0,0,0,0,0,0
05/04/2019 3.45.00,140,0,35,0,10,0,0,0,0,0,0,0,0,0,0,0,0,0,0,0,0,0,0,0,0,0,0,0,0,0
05/04/2019 3.46.00,145,0,50,0,10,0,0,0,0,0,0,0,0,0,0,0,0,0,0,0,0,0,0,0,0,0,0,0,0,0
05/04/2019 3.47.00,85,0,40,0,15,0,0,0,0,0,0,0,0,0,0,0,0,0,0,0,0,0,0,0,0,0,0,0,0,0
05/04/2019 3.48.00,160,0,40,0,25,0,10,0,0,0,0,0,0,0,0,0,0,0,0,0,0,0,0,0,0,0,0,0,0,0
05/04/2019 3.49.00,125,0,20,0,15,0,0,0,0,0,0,0,0,0,0,0,0,0,0,0,0,0,0,0,0,0,0,0,0,0
05/04/2019 3.50.00,85,0,35,0,10,0,0,0,0,0,0,0,0,0,0,0,0,0,0,0,0,0,0,0,0,0,0,0,0,0
05/04/2019 3.51.00,110,0,25,0,5,0,0,0,0,0,0,0,0,0,0,0,0,0,0,0,0,0,0,0,0,0,0,0,0,0
05/04/2019 3.52.00,95,0,25,0,10,0,0,0,0,0,0,0,0,0,0,0,0,0,0,0,0,0,0,0,0,0,0,0,0,0
05/04/2019 3.53.00,95,0,20,0,5,0,0,0,0,0,0,0,0,0,0,0,0,0,0,0,0,0,0,0,0,0,0,0,0,0
05/04/2019 3.54.00,100,0,40,0,20,0,5,0,0,0,0,0,0,0,0,0,0,0,0,0,0,0,0,0,0,0,0,0,0,0
05/04/2019 3.55.00,95,0,20,0,5,0,0,0,0,0,0,0,0,0,0,0,0,0,0,0,0,0,0,0,0,0,0,0,0,0
05/04/2019 3.56.00,50,0,15,0,5,0,0,0,0,0,0,0,0,0,0,0,0,0,0,0,0,0,0,0,0,0,0,0,0,0
05/04/2019 3.57.00,85,0,20,0,5,0,0,0,0,0,0,0,0,0,0,0,0,0,0,0,0,0,0,0,0,0,0,0,0,0
05/04/2019 3.58.00,90,0,30,0,0,0,0,0,0,0,0,0,0,0,0,0,0,0,0,0,0,0,0,0,0,0,0,0,0,0
05/04/2019 3.59.00,70,0,15,0,5,0,5,0,0,0,0,0,0,0,0,0,0,0,0,0,0,0,0,0,0,0,0,0,0,0
05/04/2019 4.00.00,100,0,30,0,10,0,0,0,0,0,0,0,0,0,0,0,0,0,0,0,0,0,0,0,0,0,0,0,0,0
05/04/2019 4.01.00,105,0,10,0,0,0,0,0,0,0,0,0,0,0,0,0,0,0,0,0,0,0,0,0,0,0,0,0,0,0
05/04/2019 4.02.00,95,0,35,0,15,0,5,0,5,0,5,0,0,0,0,0,0,0,0,0,0,0,0,0,0,0,0,0,0,0
05/04/2019 4.03.00,70,0,20,0,10,0,5,0,0,0,0,0,0,0,0,0,0,0,0,0,0,0,0,0,0,0,0,0,0,0
05/04/2019 4.04.00,90,0,25,0,15,0,0,0,0,0,0,0,0,0,0,0,0,0,0,0,0,0,0,0,0,0,0,0,0,0
05/04/2019 4.05.00,85,0,25,0,5,0,0,0,0,0,0,0,0,0,0,0,0,0,0,0,0,0,0,0,0,0,0,0,0,0
05/04/2019 4.06.00,115,0,25,0,10,0,5,0,5,0,5,0,5,0,3,0,0,0,0,0,0,0,0,0,0,0,0,0,0,0
05/04/2019 4.07.00,85,0,15,0,10,0,0,0,0,0,0,0,0,0,0,0,0,0,0,0,0,0,0,0,0,0,0,0,0,0
05/04/2019 4.08.00,80,0,35,0,5,0,0,0,0,0,0,0,0,0,0,0,0,0,0,0,0,0,0,0,0,0,0,0,0,0
05/04/2019 4.09.00,75,0,10,0,5,0,5,0,5,0,5,0,5,0,3,0,0,0,0,0,0,0,0,0,0,0,0,0,0,0
05/04/2019 4.10.00,90,0,25,0,5,0,0,0,0,0,0,0,0,0,0,0,0,0,0,0,0,0,0,0,0,0,0,0,0,0
05/04/2019 4.11.00,90,0,15,0,5,0,0,0,0,0,0,0,0,0,0,0,0,0,0,0,0,0,0,0,0,0,0,0,0,0
05/04/2019 4.12.00,90,0,30,0,10,0,0,0,0,0,0,0,0,0,0,0,0,0,0,0,0,0,0,0,0,0,0,0,0,0
05/04/2019 4.13.00,80,0,40,0,15,0,0,0,0,0,0,0,0,0,0,0,0,0,0,0,0,0,0,0,0,0,0,0,0,0
05/04/2019 4.14.00,110,0,45,0,5,0,5,0,0,0,0,0,0,0,0,0,0,0,0,0,0,0,0,0,0,0,0,0,0,0
05/04/2019 4.15.00,135,0,25,0,5,0,0,0,0,0,0,0,0,0,0,0,0,0,0,0,0,0,0,0,0,0,0,0,0,0
05/04/2019 4.16.00,75,0,5,0,0,0,0,0,0,0,0,0,0,0,0,0,0,0,0,0,0,0,0,0,0,0,0,0,0,0
05/04/2019 4.17.00,100,0,40,0,15,0,5,0,5,0,5,0,0,0,0,0,0,0,0,0,0,0,0,0,0,0,0,0,0,0
05/04/2019 4.18.00,110,0,45,0,20,0,5,0,0,0,0,0,0,0,0,0,0,0,0,0,0,0,0,0,0,0,0,0,0,0
05/04/2019 4.19.00,75,0,20,0,15,0,0,0,0,0,0,0,0,0,0,0,0,0,0,0,0,0,0,0,0,0,0,0,0,0
05/04/2019 4.20.00,85,0,30,0,10,0,0,0,0,0,0,0,0,0,0,0,0,0,0,0,0,0,0,0,0,0,0,0,0,0
05/04/2019 4.21.00,100,0,20,0,5,0,5,0,0,0,0,0,0,0,0,0,0,0,0,0,0,0,0,0,0,0,0,0,0,0
05/04/2019 4.22.00,110,0,35,0,10,0,5,0,0,0,0,0,0,0,0,0,0,0,0,0,0,0,0,0,0,0,0,0,0,0
05/04/2019 4.23.00,85,0,5,0,5,0,0,0,0,0,0,0,0,0,0,0,0,0,0,0,0,0,0,0,0,0,0,0,0,0
05/04/2019 4.24.00,100,0,45,0,20,0,10,0,10,0,10,0,10,0,5,0,0,0,0,0,0,0,0,0,0,0,0,0,0,0
05/04/2019 4.25.00,80,0,10,0,0,0,0,0,0,0,0,0,0,0,0,0,0,0,0,0,0,0,0,0,0,0,0,0,0,0
05/04/2019 4.26.00,80,0,30,0,10,0,5,0,5,0,5,0,0,0,0,0,0,0,0,0,0,0,0,0,0,0,0,0,0,0
05/04/2019 4.27.00,130,0,25,0,5,0,5,0,0,0,0,0,0,0,0,0,0,0,0,0,0,0,0,0,0,0,0,0,0,0
05/04/2019 4.28.00,65,0,20,0,20,0,0,0,0,0,0,0,0,0,0,0,0,0,0,0,0,0,0,0,0,0,0,0,0,0
05/04/2019 4.29.00,85,0,20,0,5,0,0,0,0,0,0,0,0,0,0,0,0,0,0,0,0,0,0,0,0,0,0,0,0,0
05/04/2019 4.30.00,120,0,20,0,10,0,0,0,0,0,0,0,0,0,0,0,0,0,0,0,0,0,0,0,0,0,0,0,0,0
05/04/2019 4.31.00,125,0,35,0,15,0,0,0,0,0,0,0,0,0,0,0,0,0,0,0,0,0,0,0,0,0,0,0,0,0
05/04/2019 4.32.00,135,0,40,0,15,0,0,0,0,0,0,0,0,0,0,0,0,0,0,0,0,0,0,0,0,0,0,0,0,0
05/04/2019 4.33.00,135,0,15,0,0,0,0,0,0,0,0,0,0,0,0,0,0,0,0,0,0,0,0,0,0,0,0,0,0,0
05/04/2019 4.34.00,90,0,30,0,5,0,0,0,0,0,0,0,0,0,0,0,0,0,0,0,0,0,0,0,0,0,0,0,0,0
05/04/2019 4.35.00,140,0,50,0,15,0,0,0,0,0,0,0,0,0,0,0,0,0,0,0,0,0,0,0,0,0,0,0,0,0
05/04/2019 4.36.00,85,0,20,0,10,0,0,0,0,0,0,0,0,0,0,0,0,0,0,0,0,0,0,0,0,0,0,0,0,0
05/04/2019 4.37.00,105,0,45,0,5,0,0,0,0,0,0,0,0,0,0,0,0,0,0,0,0,0,0,0,0,0,0,0,0,0
05/04/2019 4.38.00,65,0,10,0,5,0,5,0,0,0,0,0,0,0,0,0,0,0,0,0,0,0,0,0,0,0,0,0,0,0
05/04/2019 4.39.00,70,0,15,0,10,0,0,0,0,0,0,0,0,0,0,0,0,0,0,0,0,0,0,0,0,0,0,0,0,0
05/04/2019 4.40.00,110,0,20,0,10,0,5,0,5,0,5,0,5,0,3,0,0,0,0,0,0,0,0,0,0,0,0,0,0,0
05/04/2019 4.41.00,85,0,20,0,15,0,0,0,0,0,0,0,0,0,0,0,0,0,0,0,0,0,0,0,0,0,0,0,0,0
05/04/2019 4.42.00,100,0,30,0,10,0,5,0,0,0,0,0,0,0,0,0,0,0,0,0,0,0,0,0,0,0,0,0,0,0
05/04/2019 4.43.00,80,0,30,0,15,0,5,0,5,0,0,0,0,0,0,0,0,0,0,0,0,0,0,0,0,0,0,0,0,0
05/04/2019 4.44.00,105,0,30,0,0,0,0,0,0,0,0,0,0,0,0,0,0,0,0,0,0,0,0,0,0,0,0,0,0,0
05/04/2019 4.45.00,165,0,25,0,0,0,0,0,0,0,0,0,0,0,0,0,0,0,0,0,0,0,0,0,0,0,0,0,0,0
05/04/2019 4.46.00,110,0,55,0,10,0,0,0,0,0,0,0,0,0,0,0,0,0,0,0,0,0,0,0,0,0,0,0,0,0
05/04/2019 4.47.00,115,0,25,0,10,0,0,0,0,0,0,0,0,0,0,0,0,0,0,0,0,0,0,0,0,0,0,0,0,0
05/04/2019 4.48.00,45,0,5,0,5,0,0,0,0,0,0,0,0,0,0,0,0,0,0,0,0,0,0,0,0,0,0,0,0,0
05/04/2019 4.49.00,90,0,20,0,10,0,0,0,0,0,0,0,0,0,0,0,0,0,0,0,0,0,0,0,0,0,0,0,0,0
05/04/2019 4.50.00,80,0,30,0,5,0,0,0,0,0,0,0,0,0,0,0,0,0,0,0,0,0,0,0,0,0,0,0,0,0
05/04/2019 4.51.00,140,0,30,0,10,0,0,0,0,0,0,0,0,0,0,0,0,0,0,0,0,0,0,0,0,0,0,0,0,0
05/04/2019 4.52.00,90,0,25,0,15,0,0,0,0,0,0,0,0,0,0,0,0,0,0,0,0,0,0,0,0,0,0,0,0,0
05/04/2019 4.53.00,85,0,30,0,10,0,0,0,0,0,0,0,0,0,0,0,0,0,0,0,0,0,0,0,0,0,0,0,0,0
05/04/2019 4.54.00,95,0,25,0,5,0,0,0,0,0,0,0,0,0,0,0,0,0,0,0,0,0,0,0,0,0,0,0,0,0
05/04/2019 4.55.00,75,0,20,0,10,0,0,0,0,0,0,0,0,0,0,0,0,0,0,0,0,0,0,0,0,0,0,0,0,0
05/04/2019 4.56.00,100,0,20,0,10,0,0,0,0,0,0,0,0,0,0,0,0,0,0,0,0,0,0,0,0,0,0,0,0,0
05/04/2019 4.57.00,65,0,10,0,0,0,0,0,0,0,0,0,0,0,0,0,0,0,0,0,0,0,0,0,0,0,0,0,0,0
05/04/2019 4.58.00,100,0,30,0,10,0,0,0,0,0,0,0,0,0,0,0,0,0,0,0,0,0,0,0,0,0,0,0,0,0
05/04/2019 4.59.00,100,0,30,0,15,0,5,0,5,0,0,0,0,0,0,0,0,0,0,0,0,0,0,0,0,0,0,0,0,0
05/04/2019 5.00.00,105,0,35,0,5,0,5,0,0,0,0,0,0,0,0,0,0,0,0,0,0,0,0,0,0,0,0,0,0,0
05/04/2019 5.01.00,105,0,25,0,0,0,0,0,0,0,0,0,0,0,0,0,0,0,0,0,0,0,0,0,0,0,0,0,0,0
05/04/2019 5.02.00,115,0,30,0,15,0,0,0,0,0,0,0,0,0,0,0,0,0,0,0,0,0,0,0,0,0,0,0,0,0
05/04/2019 5.03.00,75,0,25,0,0,0,0,0,0,0,0,0,0,0,0,0,0,0,0,0,0,0,0,0,0,0,0,0,0,0
05/04/2019 5.04.00,95,0,30,0,10,0,5,0,5,0,5,0,5,0,3,0,0,0,0,0,0,0,0,0,0,0,0,0,0,0
05/04/2019 5.05.00,95,0,25,0,0,0,0,0,0,0,0,0,0,0,0,0,0,0,0,0,0,0,0,0,0,0,0,0,0,0
05/04/2019 5.06.00,80,0,40,0,15,0,5,0,0,0,0,0,0,0,0,0,0,0,0,0,0,0,0,0,0,0,0,0,0,0
05/04/2019 5.07.00,120,0,45,0,20,0,10,0,5,0,5,0,5,0,0,0,0,0,0,0,0,0,0,0,0,0,0,0,0,0
05/04/2019 5.08.00,110,0,45,0,15,0,5,0,5,0,5,0,5,0,3,0,0,0,0,0,0,0,0,0,0,0,0,0,0,0
05/04/2019 5.09.00,80,0,35,0,10,0,0,0,0,0,0,0,0,0,0,0,0,0,0,0,0,0,0,0,0,0,0,0,0,0
05/04/2019 5.10.00,75,0,20,0,10,0,0,0,0,0,0,0,0,0,0,0,0,0,0,0,0,0,0,0,0,0,0,0,0,0
05/04/2019 5.11.00,70,0,15,0,0,0,0,0,0,0,0,0,0,0,0,0,0,0,0,0,0,0,0,0,0,0,0,0,0,0
05/04/2019 5.12.00,70,0,15,0,5,0,0,0,0,0,0,0,0,0,0,0,0,0,0,0,0,0,0,0,0,0,0,0,0,0
05/04/2019 5.13.00,120,0,35,0,10,0,0,0,0,0,0,0,0,0,0,0,0,0,0,0,0,0,0,0,0,0,0,0,0,0
05/04/2019 5.14.00,105,0,30,0,5,0,0,0,0,0,0,0,0,0,0,0,0,0,0,0,0,0,0,0,0,0,0,0,0,0
05/04/2019 5.15.00,140,0,35,0,15,0,0,0,0,0,0,0,0,0,0,0,0,0,0,0,0,0,0,0,0,0,0,0,0,0
05/04/2019 5.16.00,120,0,40,0,5,0,0,0,0,0,0,0,0,0,0,0,0,0,0,0,0,0,0,0,0,0,0,0,0,0
05/04/2019 5.17.00,85,0,30,0,5,0,0,0,0,0,0,0,0,0,0,0,0,0,0,0,0,0,0,0,0,0,0,0,0,0
05/04/2019 5.18.00,105,0,20,0,10,0,0,0,0,0,0,0,0,0,0,0,0,0,0,0,0,0,0,0,0,0,0,0,0,0
05/04/2019 5.19.00,135,0,25,0,10,0,10,0,5,0,5,0,0,0,0,0,0,0,0,0,0,0,0,0,0,0,0,0,0,0
05/04/2019 5.20.00,110,0,40,0,20,0,5,0,0,0,0,0,0,0,0,0,0,0,0,0,0,0,0,0,0,0,0,0,0,0
05/04/2019 5.21.00,90,0,5,0,0,0,0,0,0,0,0,0,0,0,0,0,0,0,0,0,0,0,0,0,0,0,0,0,0,0
05/04/2019 5.22.00,90,0,35,0,0,0,0,0,0,0,0,0,0,0,0,0,0,0,0,0,0,0,0,0,0,0,0,0,0,0
05/04/2019 5.23.00,150,0,50,0,20,0,0,0,0,0,0,0,0,0,0,0,0,0,0,0,0,0,0,0,0,0,0,0,0,0
05/04/2019 5.24.00,80,0,20,0,5,0,0,0,0,0,0,0,0,0,0,0,0,0,0,0,0,0,0,0,0,0,0,0,0,0
05/04/2019 5.25.00,115,0,35,0,10,0,0,0,0,0,0,0,0,0,0,0,0,0,0,0,0,0,0,0,0,0,0,0,0,0
05/04/2019 5.26.00,120,0,35,0,10,0,5,0,5,0,5,0,5,0,0,0,0,0,0,0,0,0,0,0,0,0,0,0,0,0
05/04/2019 5.27.00,130,0,50,0,20,0,0,0,0,0,0,0,0,0,0,0,0,0,0,0,0,0,0,0,0,0,0,0,0,0
05/04/2019 5.28.00,135,0,40,0,10,0,5,0,5,0,0,0,0,0,0,0,0,0,0,0,0,0,0,0,0,0,0,0,0,0
05/04/2019 5.29.00,75,0,10,0,0,0,0,0,0,0,0,0,0,0,0,0,0,0,0,0,0,0,0,0,0,0,0,0,0,0
05/04/2019 5.30.00,140,0,25,0,10,0,0,0,0,0,0,0,0,0,0,0,0,0,0,0,0,0,0,0,0,0,0,0,0,0
05/04/2019 5.31.00,145,0,35,0,10,0,0,0,0,0,0,0,0,0,0,0,0,0,0,0,0,0,0,0,0,0,0,0,0,0
05/04/2019 5.32.00,110,0,30,0,10,0,0,0,0,0,0,0,0,0,0,0,0,0,0,0,0,0,0,0,0,0,0,0,0,0
05/04/2019 5.33.00,100,0,30,0,10,0,0,0,0,0,0,0,0,0,0,0,0,0,0,0,0,0,0,0,0,0,0,0,0,0
05/04/2019 5.34.00,125,0,30,0,5,0,0,0,0,0,0,0,0,0,0,0,0,0,0,0,0,0,0,0,0,0,0,0,0,0
05/04/2019 5.35.00,150,0,40,0,10,0,5,0,0,0,0,0,0,0,0,0,0,0,0,0,0,0,0,0,0,0,0,0,0,0
05/04/2019 5.36.00,140,0,35,0,5,0,0,0,0,0,0,0,0,0,0,0,0,0,0,0,0,0,0,0,0,0,0,0,0,0
05/04/2019 5.37.00,135,0,30,0,15,0,5,0,5,0,5,0,0,0,0,0,0,0,0,0,0,0,0,0,0,0,0,0,0,0
05/04/2019 5.38.00,155,0,30,0,0,0,0,0,0,0,0,0,0,0,0,0,0,0,0,0,0,0,0,0,0,0,0,0,0,0
05/04/2019 5.39.00,115,0,15,0,0,0,0,0,0,0,0,0,0,0,0,0,0,0,0,0,0,0,0,0,0,0,0,0,0,0
05/04/2019 5.40.00,125,0,35,0,10,0,0,0,0,0,0,0,0,0,0,0,0,0,0,0,0,0,0,0,0,0,0,0,0,0
05/04/2019 5.41.00,125,0,35,0,10,0,0,0,0,0,0,0,0,0,0,0,0,0,0,0,0,0,0,0,0,0,0,0,0,0
05/04/2019 5.42.00,115,0,10,0,0,0,0,0,0,0,0,0,0,0,0,0,0,0,0,0,0,0,0,0,0,0,0,0,0,0
05/04/2019 5.43.00,95,0,10,0,5,0,0,0,0,0,0,0,0,0,0,0,0,0,0,0,0,0,0,0,0,0,0,0,0,0
05/04/2019 5.44.00,145,0,50,0,5,0,5,0,5,0,5,0,5,0,3,0,0,0,0,0,0,0,0,0,0,0,0,0,0,0
05/04/2019 5.45.00,160,0,25,0,15,0,0,0,0,0,0,0,0,0,0,0,0,0,0,0,0,0,0,0,0,0,0,0,0,0
05/04/2019 5.46.00,100,0,35,0,15,0,0,0,0,0,0,0,0,0,0,0,0,0,0,0,0,0,0,0,0,0,0,0,0,0
05/04/2019 5.47.00,120,0,50,0,10,0,0,0,0,0,0,0,0,0,0,0,0,0,0,0,0,0,0,0,0,0,0,0,0,0
05/04/2019 5.48.00,100,0,25,0,5,0,0,0,0,0,0,0,0,0,0,0,0,0,0,0,0,0,0,0,0,0,0,0,0,0
05/04/2019 5.49.00,110,0,20,0,5,0,5,0,0,0,0,0,0,0,0,0,0,0,0,0,0,0,0,0,0,0,0,0,0,0
05/04/2019 5.50.00,110,0,25,0,10,0,0,0,0,0,0,0,0,0,0,0,0,0,0,0,0,0,0,0,0,0,0,0,0,0
05/04/2019 5.51.00,145,0,40,0,25,0,10,0,10,0,10,0,0,0,0,0,0,0,0,0,0,0,0,0,0,0,0,0,0,0
05/04/2019 5.52.00,185,0,45,0,10,0,0,0,0,0,0,0,0,0,0,0,0,0,0,0,0,0,0,0,0,0,0,0,0,0
05/04/2019 5.53.00,120,0,35,0,20,0,10,0,5,0,5,0,0,0,0,0,0,0,0,0,0,0,0,0,0,0,0,0,0,0
05/04/2019 5.54.00,140,0,20,0,0,0,0,0,0,0,0,0,0,0,0,0,0,0,0,0,0,0,0,0,0,0,0,0,0,0
05/04/2019 5.55.00,130,0,50,0,5,0,0,0,0,0,0,0,0,0,0,0,0,0,0,0,0,0,0,0,0,0,0,0,0,0
05/04/2019 5.56.00,120,0,40,0,30,0,10,0,0,0,0,0,0,0,0,0,0,0,0,0,0,0,0,0,0,0,0,0,0,0
05/04/2019 5.57.00,130,0,30,0,10,0,0,0,0,0,0,0,0,0,0,0,0,0,0,0,0,0,0,0,0,0,0,0,0,0
05/04/2019 5.58.00,105,0,25,0,10,0,0,0,0,0,0,0,0,0,0,0,0,0,0,0,0,0,0,0,0,0,0,0,0,0
05/04/2019 5.59.00,140,0,35,0,5,0,0,0,0,0,0,0,0,0,0,0,0,0,0,0,0,0,0,0,0,0,0,0,0,0
05/04/2019 6.00.00,140,0,40,0,15,0,5,0,0,0,0,0,0,0,0,0,0,0,0,0,0,0,0,0,0,0,0,0,0,0
05/04/2019 6.01.00,150,0,40,0,15,0,10,0,0,0,0,0,0,0,0,0,0,0,0,0,0,0,0,0,0,0,0,0,0,0
05/04/2019 6.02.00,160,0,35,0,15,0,0,0,0,0,0,0,0,0,0,0,0,0,0,0,0,0,0,0,0,0,0,0,0,0
05/04/2019 6.03.00,115,0,35,0,10,0,0,0,0,0,0,0,0,0,0,0,0,0,0,0,0,0,0,0,0,0,0,0,0,0
05/04/2019 6.04.00,145,0,35,0,15,0,5,0,0,0,0,0,0,0,0,0,0,0,0,0,0,0,0,0,0,0,0,0,0,0
05/04/2019 6.05.00,140,0,35,0,15,0,0,0,0,0,0,0,0,0,0,0,0,0,0,0,0,0,0,0,0,0,0,0,0,0
05/04/2019 6.06.00,105,0,15,0,0,0,0,0,0,0,0,0,0,0,0,0,0,0,0,0,0,0,0,0,0,0,0,0,0,0
05/04/2019 6.07.00,140,0,35,0,0,0,0,0,0,0,0,0,0,0,0,0,0,0,0,0,0,0,0,0,0,0,0,0,0,0
05/04/2019 6.08.00,155,0,35,0,10,0,0,0,0,0,0,0,0,0,0,0,0,0,0,0,0,0,0,0,0,0,0,0,0,0
05/04/2019 6.09.00,150,0,50,0,20,0,5,0,5,0,5,0,0,0,0,0,0,0,0,0,0,0,0,0,0,0,0,0,0,0
05/04/2019 6.10.00,150,0,40,0,0,0,0,0,0,0,0,0,0,0,0,0,0,0,0,0,0,0,0,0,0,0,0,0,0,0
05/04/2019 6.11.00,155,0,30,0,15,0,5,0,0,0,0,0,0,0,0,0,0,0,0,0,0,0,0,0,0,0,0,0,0,0
05/04/2019 6.12.00,160,0,35,0,5,0,0,0,0,0,0,0,0,0,0,0,0,0,0,0,0,0,0,0,0,0,0,0,0,0
05/04/2019 6.13.00,140,0,40,0,10,0,0,0,0,0,0,0,0,0,0,0,0,0,0,0,0,0,0,0,0,0,0,0,0,0
05/04/2019 6.14.00,175,0,45,0,10,0,5,0,0,0,0,0,0,0,0,0,0,0,0,0,0,0,0,0,0,0,0,0,0,0
05/04/2019 6.15.00,175,0,35,0,20,0,10,0,0,0,0,0,0,0,0,0,0,0,0,0,0,0,0,0,0,0,0,0,0,0
05/04/2019 6.16.00,105,0,35,0,15,0,0,0,0,0,0,0,0,0,0,0,0,0,0,0,0,0,0,0,0,0,0,0,0,0
05/04/2019 6.17.00,120,0,30,0,10,0,0,0,0,0,0,0,0,0,0,0,0,0,0,0,0,0,0,0,0,0,0,0,0,0
05/04/2019 6.18.00,170,0,60,0,20,0,5,0,0,0,0,0,0,0,0,0,0,0,0,0,0,0,0,0,0,0,0,0,0,0
05/04/2019 6.19.00,160,0,40,0,25,0,5,0,0,0,0,0,0,0,0,0,0,0,0,0,0,0,0,0,0,0,0,0,0,0
05/04/2019 6.20.00,140,0,35,0,5,0,0,0,0,0,0,0,0,0,0,0,0,0,0,0,0,0,0,0,0,0,0,0,0,0
05/04/2019 6.21.00,140,0,25,0,10,0,0,0,0,0,0,0,0,0,0,0,0,0,0,0,0,0,0,0,0,0,0,0,0,0
05/04/2019 6.22.00,120,0,20,0,10,0,0,0,0,0,0,0,0,0,0,0,0,0,0,0,0,0,0,0,0,0,0,0,0,0
05/04/2019 6.23.00,140,0,35,0,10,0,0,0,0,0,0,0,0,0,0,0,0,0,0,0,0,0,0,0,0,0,0,0,0,0
05/04/2019 6.24.00,125,0,50,0,20,0,5,0,0,0,0,0,0,0,0,0,0,0,0,0,0,0,0,0,0,0,0,0,0,0
05/04/2019 6.25.00,140,0,40,0,0,0,0,0,0,0,0,0,0,0,0,0,0,0,0,0,0,0,0,0,0,0,0,0,0,0
05/04/2019 6.26.00,145,0,35,0,15,0,0,0,0,0,0,0,0,0,0,0,0,0,0,0,0,0,0,0,0,0,0,0,0,0
05/04/2019 6.27.00,135,0,30,0,5,0,0,0,0,0,0,0,0,0,0,0,0,0,0,0,0,0,0,0,0,0,0,0,0,0
05/04/2019 6.28.00,135,0,45,0,25,0,0,0,0,0,0,0,0,0,0,0,0,0,0,0,0,0,0,0,0,0,0,0,0,0
05/04/2019 6.29.00,140,0,25,0,10,0,0,0,0,0,0,0,0,0,0,0,0,0,0,0,0,0,0,0,0,0,0,0,0,0
05/04/2019 6.30.00,105,0,35,0,5,0,5,0,5,0,5,0,0,0,0,0,0,0,0,0,0,0,0,0,0,0,0,0,0,0
05/04/2019 6.31.00,170,0,65,0,20,0,5,0,5,0,5,0,0,0,0,0,0,0,0,0,0,0,0,0,0,0,0,0,0,0
05/04/2019 6.32.00,130,0,45,0,15,0,0,0,0,0,0,0,0,0,0,0,0,0,0,0,0,0,0,0,0,0,0,0,0,0
05/04/2019 6.33.00,135,0,25,0,20,0,5,0,0,0,0,0,0,0,0,0,0,0,0,0,0,0,0,0,0,0,0,0,0,0
05/04/2019 6.34.00,180,0,80,0,20,0,15,0,15,0,15,0,5,0,0,0,0,0,0,0,0,0,0,0,0,0,0,0,0,0
05/04/2019 6.35.00,175,0,50,0,15,0,0,0,0,0,0,0,0,0,0,0,0,0,0,0,0,0,0,0,0,0,0,0,0,0
05/04/2019 6.36.00,150,0,35,0,10,0,5,0,5,0,0,0,0,0,0,0,0,0,0,0,0,0,0,0,0,0,0,0,0,0
05/04/2019 6.37.00,135,0,20,0,0,0,0,0,0,0,0,0,0,0,0,0,0,0,0,0,0,0,0,0,0,0,0,0,0,0
05/04/2019 6.38.00,165,0,35,0,10,0,0,0,0,0,0,0,0,0,0,0,0,0,0,0,0,0,0,0,0,0,0,0,0,0
05/04/2019 6.39.00,150,0,35,0,10,0,5,0,0,0,0,0,0,0,0,0,0,0,0,0,0,0,0,0,0,0,0,0,0,0
05/04/2019 6.40.00,105,0,40,0,25,0,5,0,5,0,5,0,0,0,0,0,0,0,0,0,0,0,0,0,0,0,0,0,0,0
05/04/2019 6.41.00,145,0,50,0,20,0,10,0,0,0,0,0,0,0,0,0,0,0,0,0,0,0,0,0,0,0,0,0,0,0
05/04/2019 6.42.00,90,0,30,0,5,0,5,0,0,0,0,0,0,0,0,0,0,0,0,0,0,0,0,0,0,0,0,0,0,0
05/04/2019 6.43.00,115,0,10,0,10,0,5,0,5,0,5,0,5,0,0,0,0,0,0,0,0,0,0,0,0,0,0,0,0,0
05/04/2019 6.44.00,125,0,50,0,20,0,5,0,0,0,0,0,0,0,0,0,0,0,0,0,0,0,0,0,0,0,0,0,0,0
05/04/2019 6.45.00,135,0,30,0,10,0,0,0,0,0,0,0,0,0,0,0,0,0,0,0,0,0,0,0,0,0,0,0,0,0
05/04/2019 6.46.00,130,0,30,0,5,0,0,0,0,0,0,0,0,0,0,0,0,0,0,0,0,0,0,0,0,0,0,0,0,0
05/04/2019 6.47.00,125,0,50,0,5,0,5,0,5,0,0,0,0,0,0,0,0,0,0,0,0,0,0,0,0,0,0,0,0,0
05/04/2019 6.48.00,125,0,40,0,20,0,0,0,0,0,0,0,0,0,0,0,0,0,0,0,0,0,0,0,0,0,0,0,0,0
05/04/2019 6.49.00,145,0,35,0,25,0,10,0,5,0,0,0,0,0,0,0,0,0,0,0,0,0,0,0,0,0,0,0,0,0
05/04/2019 6.50.00,120,0,55,0,15,0,0,0,0,0,0,0,0,0,0,0,0,0,0,0,0,0,0,0,0,0,0,0,0,0
05/04/2019 6.51.00,145,0,50,0,5,0,0,0,0,0,0,0,0,0,0,0,0,0,0,0,0,0,0,0,0,0,0,0,0,0
05/04/2019 6.52.00,135,0,30,0,15,0,5,0,0,0,0,0,0,0,0,0,0,0,0,0,0,0,0,0,0,0,0,0,0,0
05/04/2019 6.53.00,100,0,15,0,0,0,0,0,0,0,0,0,0,0,0,0,0,0,0,0,0,0,0,0,0,0,0,0,0,0
05/04/2019 6.54.00,85,0,10,0,10,0,0,0,0,0,0,0,0,0,0,0,0,0,0,0,0,0,0,0,0,0,0,0,0,0
05/04/2019 6.55.00,145,0,50,0,20,0,0,0,0,0,0,0,0,0,0,0,0,0,0,0,0,0,0,0,0,0,0,0,0,0
05/04/2019 6.56.00,195,0,50,0,10,0,5,0,0,0,0,0,0,0,0,0,0,0,0,0,0,0,0,0,0,0,0,0,0,0
05/04/2019 6.57.00,115,0,35,0,10,0,0,0,0,0,0,0,0,0,0,0,0,0,0,0,0,0,0,0,0,0,0,0,0,0
05/04/2019 6.58.00,145,0,45,0,20,0,5,0,0,0,0,0,0,0,0,0,0,0,0,0,0,0,0,0,0,0,0,0,0,0
05/04/2019 6.59.00,100,0,15,0,5,0,5,0,0,0,0,0,0,0,0,0,0,0,0,0,0,0,0,0,0,0,0,0,0,0
05/04/2019 7.00.00,150,0,55,0,15,0,0,0,0,0,0,0,0,0,0,0,0,0,0,0,0,0,0,0,0,0,0,0,0,0
05/04/2019 7.01.00,190,0,35,0,5,0,5,0,5,0,5,0,0,0,0,0,0,0,0,0,0,0,0,0,0,0,0,0,0,0
05/04/2019 7.02.00,130,0,55,0,0,0,0,0,0,0,0,0,0,0,0,0,0,0,0,0,0,0,0,0,0,0,0,0,0,0
05/04/2019 7.03.00,120,0,25,0,10,0,0,0,0,0,0,0,0,0,0,0,0,0,0,0,0,0,0,0,0,0,0,0,0,0
05/04/2019 7.04.00,160,0,35,0,25,0,15,0,10,0,5,0,0,0,0,0,0,0,0,0,0,0,0,0,0,0,0,0,0,0
05/04/2019 7.05.00,80,0,30,0,0,0,0,0,0,0,0,0,0,0,0,0,0,0,0,0,0,0,0,0,0,0,0,0,0,0
05/04/2019 7.06.00,125,0,35,0,15,0,5,0,0,0,0,0,0,0,0,0,0,0,0,0,0,0,0,0,0,0,0,0,0,0
05/04/2019 7.07.00,95,0,35,0,5,0,0,0,0,0,0,0,0,0,0,0,0,0,0,0,0,0,0,0,0,0,0,0,0,0
05/04/2019 7.08.00,125,0,40,0,10,0,0,0,0,0,0,0,0,0,0,0,0,0,0,0,0,0,0,0,0,0,0,0,0,0
05/04/2019 7.09.00,120,0,30,0,5,0,0,0,0,0,0,0,0,0,0,0,0,0,0,0,0,0,0,0,0,0,0,0,0,0
05/04/2019 7.10.00,120,0,30,0,5,0,0,0,0,0,0,0,0,0,0,0,0,0,0,0,0,0,0,0,0,0,0,0,0,0
05/04/2019 7.11.00,105,0,45,0,10,0,5,0,5,0,5,0,0,0,0,0,0,0,0,0,0,0,0,0,0,0,0,0,0,0
05/04/2019 7.12.00,105,0,35,0,15,0,5,0,0,0,0,0,0,0,0,0,0,0,0,0,0,0,0,0,0,0,0,0,0,0
05/04/2019 7.13.00,85,0,25,0,5,0,0,0,0,0,0,0,0,0,0,0,0,0,0,0,0,0,0,0,0,0,0,0,0,0
05/04/2019 7.14.00,150,0,45,0,20,0,10,0,0,0,0,0,0,0,0,0,0,0,0,0,0,0,0,0,0,0,0,0,0,0
05/04/2019 7.15.00,155,0,30,0,5,0,5,0,5,0,0,0,0,0,0,0,0,0,0,0,0,0,0,0,0,0,0,0,0,0
05/04/2019 7.16.00,140,0,35,0,15,0,0,0,0,0,0,0,0,0,0,0,0,0,0,0,0,0,0,0,0,0,0,0,0,0
05/04/2019 7.17.00,150,0,15,0,0,0,0,0,0,0,0,0,0,0,0,0,0,0,0,0,0,0,0,0,0,0,0,0,0,0
05/04/2019 7.18.00,100,0,35,0,15,0,0,0,0,0,0,0,0,0,0,0,0,0,0,0,0,0,0,0,0,0,0,0,0,0
05/04/2019 7.19.00,545,0,260,0,140,0,65,0,50,0,40,0,30,0,10,0,3,0,2,0,2,0,0,0,0,0,0,0,0,0
05/04/2019 7.20.00,1200,0,685,0,495,0,330,0,240,0,205,0,120,0,103,0,81,0,51,0,32,0,17,0,10,0,2,0,1,0
05/04/2019 7.21.00,2051,0,1385,0,1020,0,625,0,445,0,365,0,225,0,172,0,109,0,67,0,37,0,17,0,7,0,2,0,0,0
05/04/2019 7.22.00,1891,0,1160,0,850,0,520,0,375,0,320,0,225,0,159,0,88,0,58,0,40,0,13,0,5,0,2,0,0,0
05/04/2019 7.23.00,1615,0,1075,0,725,0,420,0,300,0,210,0,140,0,112,0,69,0,43,0,26,0,8,0,3,0,0,0,0,0
05/04/2019 7.24.00,1480,0,990,0,710,0,450,0,345,0,295,0,210,0,133,0,70,0,48,0,19,0,7,0,4,0,2,0,0,0
05/04/2019 7.25.00,1390,0,1000,0,760,0,425,0,330,0,275,0,200,0,144,0,79,0,44,0,15,0,6,0,0,0,0,0,0,0
05/04/2019 7.26.00,1580,0,985,0,700,0,395,0,290,0,235,0,170,0,105,0,61,0,41,0,25,0,8,0,2,0,1,0,0,0
05/04/2019 7.27.00,1185,0,770,0,560,0,340,0,255,0,225,0,130,0,96,0,51,0,26,0,18,0,5,0,3,0,1,0,0,0
05/04/2019 7.28.00,1285,0,745,0,555,0,365,0,230,0,195,0,135,0,95,0,49,0,27,0,14,0,4,0,1,0,0,0,0,0
05/04/2019 7.29.00,1395,0,825,0,660,0,375,0,255,0,225,0,155,0,111,0,52,0,34,0,21,0,7,0,4,0,0,0,0,0
05/04/2019 7.30.00,1100,0,750,0,510,0,330,0,260,0,225,0,175,0,113,0,54,0,27,0,17,0,3,0,0,0,0,0,0,0
05/04/2019 7.31.00,1255,0,720,0,550,0,350,0,200,0,170,0,100,0,80,0,45,0,22,0,6,0,1,0,1,0,1,0,0,0
05/04/2019 7.32.00,1030,0,625,0,450,0,270,0,185,0,155,0,115,0,83,0,40,0,23,0,14,0,3,0,2,0,1,0,0,0
05/04/2019 7.33.00,1050,0,705,0,510,0,295,0,185,0,155,0,90,0,57,0,27,0,14,0,9,0,2,0,1,0,0,0,0,0
05/04/2019 7.34.00,970,0,565,0,405,0,235,0,175,0,140,0,75,0,48,0,28,0,16,0,6,0,2,0,2,0,0,0,0,0
05/04/2019 7.35.00,1000,0,640,0,500,0,315,0,235,0,200,0,115,0,82,0,37,0,19,0,11,0,1,0,1,0,1,0,0,0
05/04/2019 7.36.00,980,0,575,0,350,0,220,0,105,0,100,0,70,0,59,0,33,0,15,0,9,0,1,0,1,0,0,0,0,0
05/04/2019 7.37.00,1035,0,600,0,480,0,275,0,200,0,150,0,95,0,57,0,29,0,16,0,8,0,3,0,1,0,0,0,0,0
05/04/2019 7.38.00,1010,0,570,0,395,0,235,0,155,0,140,0,105,0,68,0,39,0,23,0,9,0,2,0,1,0,0,0,0,0
05/04/2019 7.39.00,915,0,570,0,420,0,215,0,135,0,120,0,60,0,36,0,23,0,13,0,6,0,4,0,2,0,0,0,0,0
05/04/2019 7.40.00,1095,0,685,0,440,0,225,0,160,0,125,0,85,0,49,0,16,0,13,0,5,0,3,0,1,0,0,0,0,0
05/04/2019 7.41.00,790,0,485,0,335,0,210,0,150,0,125,0,50,0,45,0,21,0,13,0,7,0,0,0,0,0,0,0,0,0
05/04/2019 7.42.00,915,0,535,0,340,0,215,0,145,0,110,0,75,0,46,0,23,0,11,0,5,0,2,0,1,0,0,0,0,0
05/04/2019 7.43.00,815,0,525,0,335,0,175,0,115,0,85,0,65,0,37,0,20,0,9,0,5,0,0,0,0,0,0,0,0,0
05/04/2019 7.44.00,755,0,415,0,290,0,190,0,125,0,110,0,80,0,48,0,16,0,6,0,2,0,1,0,0,0,0,0,0,0
05/04/2019 7.45.00,705,0,415,0,285,0,145,0,100,0,75,0,45,0,26,0,7,0,3,0,1,0,1,0,0,0,0,0,0,0
05/04/2019 7.46.00,805,0,435,0,320,0,185,0,105,0,95,0,50,0,28,0,8,0,4,0,3,0,0,0,0,0,0,0,0,0
05/04/2019 7.47.00,760,0,475,0,355,0,220,0,160,0,115,0,80,0,44,0,13,0,8,0,4,0,0,0,0,0,0,0,0,0
05/04/2019 7.48.00,630,0,335,0,230,0,150,0,100,0,75,0,60,0,41,0,9,0,4,0,1,0,0,0,0,0,0,0,0,0
05/04/2019 7.49.00,650,0,350,0,240,0,105,0,80,0,60,0,30,0,21,0,8,0,3,0,0,0,0,0,0,0,0,0,0,0
05/04/2019 7.50.00,465,0,275,0,215,0,145,0,105,0,95,0,65,0,39,0,7,0,2,0,0,0,0,0,0,0,0,0,0,0
05/04/2019 7.51.00,585,0,285,0,205,0,115,0,70,0,45,0,20,0,16,0,11,0,4,0,1,0,0,0,0,0,0,0,0,0
05/04/2019 7.52.00,610,0,325,0,210,0,110,0,80,0,60,0,30,0,19,0,1,0,1,0,0,0,0,0,0,0,0,0,0,0
05/04/2019 7.53.00,660,0,330,0,235,0,140,0,80,0,50,0,35,0,18,0,8,0,3,0,1,0,1,0,0,0,0,0,0,0
05/04/2019 7.54.00,535,0,275,0,190,0,115,0,75,0,65,0,35,0,21,0,6,0,3,0,1,0,0,0,0,0,0,0,0,0
05/04/2019 7.55.00,535,0,285,0,215,0,125,0,80,0,60,0,15,0,8,0,2,0,1,0,0,0,0,0,0,0,0,0,0,0
05/04/2019 7.56.00,570,0,325,0,260,0,110,0,55,0,35,0,25,0,16,0,4,0,2,0,0,0,0,0,0,0,0,0,0,0
05/04/2019 7.57.00,490,0,280,0,180,0,115,0,60,0,55,0,30,0,22,0,6,0,3,0,1,0,0,0,0,0,0,0,0,0
05/04/2019 7.58.00,545,0,310,0,240,0,125,0,85,0,80,0,45,0,20,0,3,0,1,0,0,0,0,0,0,0,0,0,0,0
05/04/2019 7.59.00,470,0,250,0,180,0,115,0,85,0,70,0,45,0,26,0,7,0,3,0,1,0,1,0,0,0,0,0,0,0
05/04/2019 8.00.00,520,0,250,0,185,0,95,0,65,0,60,0,25,0,12,0,3,0,1,0,0,0,0,0,0,0,0,0,0,0
05/04/2019 8.01.00,445,0,260,0,165,0,80,0,50,0,30,0,15,0,7,0,0,0,0,0,0,0,0,0,0,0,0,0,0,0
05/04/2019 8.02.00,305,0,170,0,105,0,35,0,35,0,35,0,15,0,8,0,3,0,1,0,0,0,0,0,0,0,0,0,0,0
05/04/2019 8.03.00,420,0,205,0,145,0,85,0,55,0,45,0,25,0,15,0,4,0,4,0,0,0,0,0,0,0,0,0,0,0
05/04/2019 8.04.00,390,0,210,0,115,0,75,0,30,0,30,0,20,0,11,0,4,0,0,0,0,0,0,0,0,0,0,0,0,0
05/04/2019 8.05.00,440,0,245,0,185,0,115,0,90,0,60,0,30,0,17,0,3,0,1,0,0,0,0,0,0,0,0,0,0,0
05/04/2019 8.06.00,465,0,245,0,190,0,120,0,65,0,55,0,30,0,15,0,2,0,1,0,1,0,0,0,0,0,0,0,0,0
05/04/2019 8.07.00,460,0,230,0,150,0,75,0,50,0,40,0,25,0,8,0,4,0,2,0,1,0,0,0,0,0,0,0,0,0
05/04/2019 8.08.00,290,0,145,0,65,0,25,0,10,0,10,0,0,0,0,0,0,0,0,0,0,0,0,0,0,0,0,0,0,0
05/04/2019 8.09.00,335,0,155,0,100,0,60,0,50,0,35,0,20,0,11,0,1,0,1,0,1,0,1,0,1,0,0,0,0,0
05/04/2019 8.10.00,310,0,165,0,115,0,55,0,25,0,15,0,10,0,6,0,1,0,1,0,0,0,0,0,0,0,0,0,0,0
05/04/2019 8.11.00,325,0,135,0,100,0,55,0,40,0,30,0,15,0,8,0,3,0,1,0,1,0,0,0,0,0,0,0,0,0
05/04/2019 8.12.00,310,0,170,0,85,0,55,0,50,0,45,0,40,0,11,0,2,0,0,0,0,0,0,0,0,0,0,0,0,0
05/04/2019 8.13.00,340,0,175,0,120,0,65,0,35,0,30,0,20,0,12,0,2,0,1,0,0,0,0,0,0,0,0,0,0,0
05/04/2019 8.14.00,350,0,170,0,105,0,75,0,50,0,40,0,25,0,5,0,0,0,0,0,0,0,0,0,0,0,0,0,0,0
05/04/2019 8.15.00,285,0,140,0,95,0,50,0,35,0,20,0,0,0,0,0,0,0,0,0,0,0,0,0,0,0,0,0,0,0
05/04/2019 8.16.00,300,0,130,0,75,0,35,0,20,0,0,0,0,0,0,0,0,0,0,0,0,0,0,0,0,0,0,0,0,0
05/04/2019 8.17.00,310,0,175,0,85,0,50,0,35,0,30,0,5,0,3,0,0,0,0,0,0,0,0,0,0,0,0,0,0,0
05/04/2019 8.18.00,300,0,120,0,85,0,45,0,25,0,20,0,10,0,3,0,0,0,0,0,0,0,0,0,0,0,0,0,0,0
05/04/2019 8.19.00,285,0,145,0,95,0,45,0,30,0,25,0,15,0,8,0,0,0,0,0,0,0,0,0,0,0,0,0,0,0
05/04/2019 8.20.00,285,0,140,0,60,0,20,0,5,0,0,0,0,0,0,0,0,0,0,0,0,0,0,0,0,0,0,0,0,0
05/04/2019 8.21.00,250,0,140,0,80,0,45,0,35,0,25,0,15,0,9,0,1,0,0,0,0,0,0,0,0,0,0,0,0,0
05/04/2019 8.22.00,323,0,148,0,103,0,80,0,45,0,40,0,25,0,6,0,0,0,0,0,0,0,0,0,0,0,0,0,0,0
05/04/2019 8.23.00,270,0,140,0,50,0,25,0,15,0,10,0,0,0,0,0,0,0,0,0,0,0,0,0,0,0,0,0,0,0
05/04/2019 8.24.00,220,0,130,0,65,0,25,0,10,0,10,0,5,0,3,0,0,0,0,0,0,0,0,0,0,0,0,0,0,0
05/04/2019 8.25.00,245,0,125,0,75,0,40,0,25,0,5,0,5,0,3,0,1,0,0,0,0,0,0,0,0,0,0,0,0,0
05/04/2019 8.26.00,285,0,120,0,65,0,35,0,25,0,20,0,15,0,8,0,1,0,1,0,0,0,0,0,0,0,0,0,0,0
05/04/2019 8.27.00,315,0,145,0,95,0,45,0,25,0,20,0,20,0,11,0,0,0,0,0,0,0,0,0,0,0,0,0,0,0
05/04/2019 8.28.00,199,0,94,0,59,0,39,0,14,0,9,0,4,0,4,0,0,0,0,0,0,0,0,0,0,0,0,0,0,0
05/04/2019 8.29.00,210,0,115,0,50,0,35,0,25,0,25,0,15,0,8,0,0,0,0,0,0,0,0,0,0,0,0,0,0,0
05/04/2019 8.30.00,180,0,40,0,20,0,15,0,15,0,10,0,10,0,4,0,2,0,0,0,0,0,0,0,0,0,0,0,0,0
05/04/2019 8.31.00,225,0,75,0,40,0,15,0,10,0,5,0,0,0,0,0,0,0,0,0,0,0,0,0,0,0,0,0,0,0
05/04/2019 8.32.00,210,0,85,0,50,0,25,0,15,0,15,0,15,0,8,0,1,0,1,0,0,0,0,0,0,0,0,0,0,0
05/04/2019 8.33.00,235,0,105,0,45,0,35,0,20,0,20,0,20,0,8,0,0,0,0,0,0,0,0,0,0,0,0,0,0,0
05/04/2019 8.34.00,190,0,85,0,45,0,25,0,15,0,15,0,10,0,6,0,1,0,1,0,0,0,0,0,0,0,0,0,0,0
05/04/2019 8.35.00,150,0,65,0,50,0,25,0,15,0,15,0,10,0,3,0,0,0,0,0,0,0,0,0,0,0,0,0,0,0
05/04/2019 8.36.00,200,0,80,0,25,0,5,0,0,0,0,0,0,0,0,0,0,0,0,0,0,0,0,0,0,0,0,0,0,0
05/04/2019 8.37.00,165,0,70,0,35,0,20,0,15,0,15,0,10,0,6,0,0,0,0,0,0,0,0,0,0,0,0,0,0,0
05/04/2019 8.38.00,220,0,115,0,65,0,35,0,20,0,15,0,5,0,3,0,0,0,0,0,0,0,0,0,0,0,0,0,0,0
05/04/2019 8.39.00,175,0,65,0,55,0,5,0,5,0,5,0,0,0,0,0,0,0,0,0,0,0,0,0,0,0,0,0,0,0
05/04/2019 8.40.00,275,0,170,0,120,0,85,0,60,0,60,0,40,0,17,0,6,0,6,0,4,0,3,0,2,0,1,0,0,0
05/04/2019 8.41.00,583,0,323,0,238,0,160,0,80,0,80,0,70,0,44,0,26,0,21,0,16,0,10,0,4,0,1,0,1,0
05/04/2019 8.42.00,630,0,345,0,235,0,110,0,75,0,65,0,40,0,20,0,8,0,6,0,6,0,4,0,1,0,1,0,0,0
05/04/2019 8.43.00,490,0,265,0,150,0,95,0,70,0,65,0,35,0,14,0,4,0,2,0,2,0,1,0,1,0,0,0,0,0
05/04/2019 8.44.00,680,0,345,0,215,0,135,0,75,0,70,0,45,0,29,0,15,0,11,0,9,0,4,0,1,0,1,0,0,0
05/04/2019 8.45.00,675,0,320,0,240,0,145,0,90,0,70,0,40,0,30,0,11,0,4,0,4,0,2,0,1,0,0,0,0,0
05/04/2019 8.46.00,785,0,405,0,270,0,175,0,130,0,95,0,75,0,47,0,22,0,13,0,7,0,6,0,4,0,1,0,1,0
05/04/2019 8.47.00,670,0,340,0,185,0,130,0,110,0,85,0,70,0,36,0,9,0,4,0,4,0,3,0,1,0,0,0,0,0
05/04/2019 8.48.00,750,0,415,0,285,0,165,0,105,0,85,0,60,0,39,0,16,0,9,0,7,0,6,0,5,0,2,0,1,0
05/04/2019 8.49.00,830,0,390,0,230,0,140,0,90,0,55,0,40,0,25,0,8,0,4,0,2,0,1,0,1,0,0,0,0,0
05/04/2019 8.50.00,755,0,380,0,295,0,150,0,120,0,110,0,90,0,49,0,9,0,6,0,4,0,1,0,0,0,0,0,0,0
05/04/2019 8.51.00,900,0,425,0,285,0,170,0,130,0,90,0,55,0,38,0,18,0,10,0,4,0,0,0,0,0,0,0,0,0
05/04/2019 8.52.00,795,0,360,0,265,0,140,0,85,0,50,0,35,0,25,0,12,0,5,0,4,0,4,0,3,0,2,0,0,0
05/04/2019 8.53.00,655,0,295,0,185,0,110,0,85,0,75,0,50,0,30,0,12,0,5,0,4,0,4,0,3,0,1,0,0,0
05/04/2019 8.54.00,895,0,420,0,280,0,155,0,100,0,85,0,40,0,22,0,14,0,13,0,10,0,6,0,4,0,0,0,0,0
05/04/2019 8.55.00,760,0,415,0,275,0,155,0,110,0,65,0,45,0,21,0,6,0,5,0,4,0,2,0,1,0,0,0,0,0
05/04/2019 8.56.00,700,0,325,0,215,0,120,0,100,0,90,0,55,0,31,0,14,0,9,0,7,0,5,0,4,0,0,0,0,0
05/04/2019 8.57.00,685,0,335,0,185,0,140,0,120,0,95,0,80,0,54,0,19,0,14,0,8,0,3,0,0,0,0,0,0,0
05/04/2019 8.58.00,695,0,365,0,240,0,155,0,95,0,80,0,60,0,39,0,20,0,12,0,7,0,3,0,2,0,1,0,1,0
05/04/2019 8.59.00,790,0,400,0,280,0,175,0,105,0,100,0,45,0,19,0,5,0,2,0,0,0,0,0,0,0,0,0,0,0
05/04/2019 9.00.00,745,0,375,0,225,0,120,0,75,0,65,0,25,0,14,0,1,0,1,0,1,0,1,0,1,0,0,0,0,0
05/04/2019 9.01.00,710,0,320,0,205,0,115,0,60,0,45,0,30,0,20,0,6,0,2,0,1,0,1,0,1,0,0,0,0,0
05/04/2019 9.02.00,680,0,295,0,195,0,120,0,60,0,55,0,30,0,19,0,4,0,1,0,0,0,0,0,0,0,0,0,0,0
05/04/2019 9.03.00,650,0,245,0,150,0,115,0,80,0,60,0,40,0,20,0,5,0,4,0,4,0,3,0,2,0,2,0,0,0
05/04/2019 9.04.00,675,0,340,0,200,0,120,0,90,0,75,0,55,0,26,0,5,0,3,0,2,0,2,0,1,0,0,0,0,0
05/04/2019 9.05.00,695,0,320,0,215,0,120,0,80,0,60,0,45,0,28,0,3,0,1,0,0,0,0,0,0,0,0,0,0,0
05/04/2019 9.06.00,725,0,410,0,255,0,135,0,105,0,85,0,70,0,41,0,8,0,2,0,1,0,0,0,0,0,0,0,0,0
05/04/2019 9.07.00,590,0,300,0,185,0,105,0,70,0,50,0,45,0,27,0,11,0,6,0,5,0,3,0,3,0,0,0,0,0
05/04/2019 9.08.00,570,0,275,0,170,0,105,0,65,0,55,0,50,0,21,0,10,0,6,0,4,0,2,0,2,0,1,0,0,0
05/04/2019 9.09.00,665,0,295,0,190,0,100,0,65,0,50,0,40,0,24,0,15,0,14,0,11,0,8,0,6,0,1,0,0,0
05/04/2019 9.10.00,600,0,285,0,155,0,75,0,55,0,55,0,30,0,17,0,5,0,3,0,2,0,1,0,0,0,0,0,0,0
05/04/2019 9.11.00,605,0,285,0,190,0,115,0,95,0,80,0,50,0,26,0,8,0,7,0,5,0,4,0,2,0,0,0,0,0
05/04/2019 9.12.00,715,0,255,0,140,0,70,0,45,0,35,0,20,0,12,0,7,0,6,0,3,0,3,0,2,0,0,0,0,0
05/04/2019 9.13.00,520,0,215,0,105,0,65,0,35,0,15,0,10,0,7,0,4,0,4,0,4,0,4,0,2,0,0,0,0,0
05/04/2019 9.14.00,650,0,335,0,235,0,135,0,95,0,85,0,65,0,40,0,24,0,21,0,15,0,8,0,5,0,1,0,1,0
05/04/2019 9.15.00,670,0,295,0,170,0,115,0,85,0,70,0,55,0,34,0,18,0,15,0,14,0,9,0,7,0,2,0,0,0
05/04/2019 9.16.00,605,0,305,0,200,0,90,0,60,0,50,0,35,0,28,0,16,0,8,0,6,0,6,0,4,0,1,0,1,0
05/04/2019 9.17.00,620,0,290,0,180,0,105,0,60,0,50,0,30,0,15,0,1,0,1,0,1,0,0,0,0,0,0,0,0,0
05/04/2019 9.18.00,535,0,225,0,165,0,85,0,60,0,55,0,45,0,26,0,8,0,6,0,3,0,1,0,1,0,0,0,0,0
05/04/2019 9.19.00,605,0,270,0,185,0,90,0,65,0,60,0,20,0,15,0,6,0,5,0,3,0,2,0,2,0,1,0,0,0
05/04/2019 9.20.00,580,0,310,0,165,0,85,0,60,0,55,0,25,0,16,0,9,0,8,0,7,0,4,0,3,0,0,0,0,0
05/04/2019 9.21.00,585,0,305,0,190,0,90,0,65,0,55,0,30,0,16,0,7,0,4,0,3,0,2,0,2,0,0,0,0,0
05/04/2019 9.22.00,605,0,290,0,135,0,85,0,65,0,60,0,35,0,16,0,3,0,3,0,1,0,1,0,1,0,0,0,0,0
05/04/2019 9.23.00,590,0,240,0,125,0,75,0,40,0,30,0,20,0,10,0,7,0,4,0,3,0,1,0,1,0,0,0,0,0
05/04/2019 9.24.00,700,0,255,0,160,0,90,0,50,0,35,0,5,0,5,0,2,0,1,0,1,0,1,0,1,0,0,0,0,0
05/04/2019 9.25.00,675,0,220,0,145,0,100,0,80,0,65,0,40,0,20,0,4,0,3,0,1,0,1,0,1,0,0,0,0,0
05/04/2019 9.26.00,545,0,265,0,170,0,95,0,75,0,60,0,50,0,23,0,4,0,2,0,2,0,0,0,0,0,0,0,0,0
05/04/2019 9.27.00,605,0,215,0,125,0,75,0,45,0,40,0,25,0,13,0,1,0,1,0,1,0,0,0,0,0,0,0,0,0
05/04/2019 9.28.00,575,0,255,0,135,0,75,0,75,0,65,0,40,0,23,0,6,0,4,0,1,0,0,0,0,0,0,0,0,0
05/04/2019 9.29.00,570,0,150,0,85,0,50,0,40,0,35,0,20,0,14,0,3,0,0,0,0,0,0,0,0,0,0,0,0,0
05/04/2019 9.30.00,445,0,160,0,85,0,65,0,45,0,35,0,20,0,11,0,1,0,0,0,0,0,0,0,0,0,0,0,0,0
05/04/2019 9.31.00,465,0,190,0,95,0,45,0,20,0,20,0,10,0,6,0,4,0,1,0,0,0,0,0,0,0,0,0,0,0
05/04/2019 9.32.00,550,0,255,0,155,0,90,0,60,0,45,0,35,0,18,0,4,0,2,0,2,0,0,0,0,0,0,0,0,0
05/04/2019 9.33.00,565,0,225,0,120,0,45,0,30,0,20,0,15,0,6,0,1,0,0,0,0,0,0,0,0,0,0,0,0,0
05/04/2019 9.34.00,480,0,235,0,125,0,65,0,45,0,30,0,25,0,13,0,3,0,1,0,1,0,1,0,1,0,0,0,0,0
05/04/2019 9.35.00,460,0,165,0,70,0,50,0,25,0,15,0,5,0,1,0,0,0,0,0,0,0,0,0,0,0,0,0,0,0
05/04/2019 9.36.00,435,0,180,0,110,0,50,0,40,0,25,0,10,0,7,0,1,0,1,0,1,0,0,0,0,0,0,0,0,0
05/04/2019 9.37.00,535,0,220,0,110,0,55,0,35,0,35,0,30,0,17,0,2,0,2,0,2,0,1,0,0,0,0,0,0,0
05/04/2019 9.38.00,400,0,130,0,65,0,25,0,15,0,10,0,10,0,4,0,1,0,0,0,0,0,0,0,0,0,0,0,0,0
05/04/2019 9.39.00,495,0,205,0,120,0,80,0,35,0,30,0,30,0,17,0,2,0,1,0,0,0,0,0,0,0,0,0,0,0
05/04/2019 9.40.00,435,0,140,0,80,0,45,0,45,0,30,0,20,0,14,0,2,0,2,0,1,0,0,0,0,0,0,0,0,0
05/04/2019 9.41.00,565,0,240,0,160,0,60,0,50,0,45,0,5,0,3,0,0,0,0,0,0,0,0,0,0,0,0,0,0,0
